1.07461e-07 0.962345 0.962345 0.962345 5.45992 8.58701e+12 0 0 0 0 1.10043 0 0
1.24094e-07 1.3397 1.3397 1.3397 6.02311 7.44852e+12 0 0 0 0 1.27092 0 0
1.43301e-07 1.79872 1.79872 1.79872 6.61114 6.42753e+12 0 0 0 0 1.4676 0 0
1.65482e-07 2.33781 2.33781 2.33781 7.21687 5.51504e+12 0 0 0 0 1.69544 0 0
1.91095e-07 2.95061 2.95061 2.95061 7.83134 4.70292e+12 0 0 0 0 1.9577 0 0
2.20673e-07 3.62611 3.62611 3.62611 8.44393 3.98374e+12 0 0 0 0 2.26123 0 0
2.5483e-07 4.34918 4.34918 4.34918 9.04285 3.35067e+12 0 0 0 0 2.61117 0 0
2.94273e-07 5.10162 5.10162 5.10162 9.61605 2.79735e+12 0 0 0 0 3.01485 0 0
3.39821e-07 5.86384 5.86384 5.86384 10.1525 2.31774e+12 0 0 0 0 3.48187 0 0
3.92419e-07 6.61701 6.61701 6.61701 10.6439 1.90603e+12 0 0 0 0 4.02117 0 0
4.53158e-07 7.34578 7.34578 7.34578 11.0868 1.55649e+12 0 0 0 0 4.64356 0 0
5.23299e-07 8.04136 8.04136 8.04136 11.4851 1.26341e+12 0 0 0 0 5.36259 0 0
6.04296e-07 8.70447 8.70447 8.70447 11.8522 1.021e+12 0 0 0 0 6.19254 0 0
6.97831e-07 9.34784 9.34784 9.34784 12.2124 8.23374e+11 0 0 0 0 7.15035 0 0
8.05842e-07 9.99729 9.99729 9.99729 12.6012 6.64594e+11 0 0 0 0 8.25705 0 0
9.30572e-07 10.6909 10.6909 10.6909 13.0637 5.38735e+11 0 0 0 0 9.53601 0 0
1.07461e-06 11.4753 11.4753 11.4753 13.6505 4.4003e+11 0 0 0 0 11.0111 0 0
1.24094e-06 12.4001 12.4001 12.4001 14.4114 3.63051e+11 0 0 0 0 12.7162 0 0
1.43301e-06 13.5102 13.5102 13.5102 15.3883 3.02903e+11 0 0 0 0 14.6842 0 0
1.65482e-06 14.8384 14.8384 14.8384 16.6089 2.55395e+11 0 0 0 0 16.9572 0 0
1.91095e-06 16.4019 16.4019 16.4019 18.0836 2.17145e+11 0 0 0 0 19.5812 0 0
2.20673e-06 18.202 18.202 18.202 19.8075 1.85604e+11 0 0 0 0 22.6131 0 0
2.5483e-06 20.2299 20.2299 20.2299 21.7663 1.58983e+11 0 0 0 0 26.1125 0 0
2.94273e-06 22.4745 22.4745 22.4745 23.9452 1.3611e+11 0 0 0 0 30.1546 0 0
3.39821e-06 24.9308 24.9308 24.9308 26.3375 1.16255e+11 0 0 0 0 34.8212 0 0
3.92419e-06 27.6055 27.6055 27.6055 28.9494 9.89648e+10 0 0 0 0 40.2113 0 0
4.53158e-06 30.52 30.52 30.52 31.8025 8.39335e+10 0 0 0 0 46.4363 0 0
5.23299e-06 33.7103 33.7103 33.7103 34.9336 7.09252e+10 0 0 0 0 53.6227 0 0
6.04296e-06 37.2272 37.2272 37.2272 38.3942 5.97321e+10 0 0 0 0 61.9242 0 0
6.97831e-06 41.1351 41.1351 41.1351 42.2495 5.0158e+10 0 0 0 0 71.5074 0 0
8.05842e-06 45.5118 45.5118 45.5118 46.5775 4.20144e+10 0 0 0 0 82.5761 0 0
9.30572e-06 50.4471 50.4471 50.4471 51.4685 3.51208e+10 0 0 0 0 95.3605 0 0
1.07461e-05 56.0427 56.0427 56.0427 57.024 2.93072e+10 0 0 0 0 110.114 0 0
1.24094e-05 62.4127 62.4127 62.4127 63.358 2.44178e+10 0 0 0 0 127.159 0 0
1.43301e-05 69.6872 69.6872 69.6872 70.6003 2.03126e+10 0 0 0 0 146.832 0 0
1.65482e-05 78.0203 78.0203 78.0203 78.9047 1.68698e+10 0 0 0 0 169.572 0 0
1.91095e-05 87.6001 87.6001 87.6001 88.4594 1.39851e+10 0 0 0 0 195.822 0 0
2.20673e-05 98.6598 98.6598 98.6598 99.4973 1.15707e+10 0 0 0 0 226.121 0 0
2.5483e-05 111.486 111.486 111.486 112.305 9.55306e+09 0 0 0 0 261.123 0 0
2.94273e-05 126.422 126.422 126.422 127.226 7.87017e+09 0 0 0 0 301.539 0 0
3.39821e-05 143.878 143.878 143.878 144.67 6.46952e+09 0 0 0 0 348.212 0 0
3.92419e-05 164.338 164.338 164.338 165.121 5.30634e+09 0 0 0 0 402.115 0 0
4.53158e-05 188.385 188.385 188.385 189.162 4.34251e+09 0 0 0 0 464.302 0 0
5.23299e-05 216.73 216.73 216.73 217.504 3.54563e+09 0 0 0 0 536.231 0 0
6.04296e-05 250.24 250.24 250.24 251.013 2.88828e+09 0 0 0 0 619.194 0 0
6.97831e-05 289.97 289.97 289.97 290.747 2.3473e+09 0 0 0 0 715.078 0 0
8.05842e-05 337.203 337.203 337.203 337.984 1.90315e+09 0 0 0 0 825.705 0 0
9.30572e-05 393.492 393.492 393.492 394.282 1.53941e+09 0 0 0 0 953.592 0 0
0.000107461 460.737 460.737 460.737 461.538 1.24225e+09 0 0 0 0 1101.13 0 0
0.000124094 541.257 541.257 541.257 542.071 1.0001e+09 0 0 0 0 1271.58 0 0
0.000143301 637.887 637.887 637.887 638.718 8.03275e+08 0 0 0 0 1468.4 0 0
0.000165482 754.099 754.099 754.099 754.95 6.43701e+08 0 0 0 0 1695.66 0 0
0.000191095 894.147 894.147 894.147 895.02 5.14657e+08 0 0 0 0 1958.15 0 0
0.000220673 1063.25 1063.25 1063.25 1064.15 4.10567e+08 0 0 0 0 2261.27 0 0
0.00025483 1267.82 1267.82 1267.82 1268.75 3.26816e+08 0 0 0 0 2611.21 0 0
0.000294273 1515.73 1515.73 1515.73 1516.69 2.59598e+08 0 0 0 0 3015.47 0 0
0.000339821 1816.68 1816.68 1816.68 1817.68 2.0578e+08 0 0 0 0 3482.18 0 0
0.000392419 2182.61 2182.61 2182.61 2183.65 1.62795e+08 0 0 0 0 4021.02 0 0
0.000453158 2628.22 2628.22 2628.22 2629.31 1.28542e+08 0 0 0 0 4643.68 0 0
0.000523299 3171.65 3171.65 3171.65 3172.78 1.01309e+08 0 0 0 0 5362.76 0 0
0.000604296 3835.24 3835.24 3835.24 3836.42 7.97049e+07 0 0 0 0 6191.84 0 0
0.000697831 4646.6 4646.6 4646.6 4647.84 6.26021e+07 0 0 0 0 7151.32 0 0
0.000805842 5639.78 5639.78 5639.78 5641.08 4.90904e+07 0 0 0 0 8257.3 0 0
0.000930572 6856.84 6856.84 6856.84 6858.22 3.84364e+07 0 0 0 0 9536 0 0
0.00107461 8349.73 8349.73 8349.73 8351.18 3.00511e+07 0 0 0 0 11011.7 0 0
0.00124094 10182.6 10182.6 10182.6 10184.2 2.34632e+07 0 0 0 0 12716.1 0 0
0.00143301 12434.9 12434.9 12434.9 12436.5 1.82958e+07 0 0 0 0 14684.4 0 0
0.00165482 15204.5 15204.5 15204.5 15206.2 1.42492e+07 0 0 0 0 16957.4 0 0
0.00191095 18612.6 18612.6 18612.6 18614.4 1.10848e+07 0 0 0 0 19581.4 0 0
0.00220673 22809.1 22809.1 22809.1 22811 8.6139e+06 0 0 0 0 22612.4 0 0
0.0025483 27979.1 27979.1 27979.1 27981.2 6.68698e+06 0 0 0 0 26112.4 0 0
0.00294273 34352 34352 34352 34354.1 5.18614e+06 0 0 0 0 30154.7 0 0
0.00339821 42210.9 42210.9 42210.9 42213.2 4.01853e+06 0 0 0 0 34822.3 0 0
0.00392419 51906.5 51906.5 51906.5 51909 3.11115e+06 0 0 0 0 40212.2 0 0
0.00453158 63872.4 63872.4 63872.4 63875 2.40673e+06 0 0 0 0 46438.3 0 0
0.00523299 78645.1 78645.1 78645.1 78647.9 1.8604e+06 0 0 0 0 53622 0 0
0.00604296 96888.7 96888.7 96888.7 96891.7 1.43706e+06 0 0 0 0 61928.3 0 0
0.00697831 119414 119414 119414 119417 1.1093e+06 0 0 0 0 71502.9 0 0
0.00805842 146829 146829 146829 146832 855753 0 0 0 0 82561.5 0 0
0.00930572 176872 176872 176872 176876 659756 0 0 0 0 92792.4 0 0
0.0107461 200992 200992 200992 200996 508356 0 0 0 0 76748.9 0 0
0.0124094 209519 209519 209519 209523 391485 0 0 0 0 40197.3 0 0
0.0143301 200263 200263 200263 200266 301326 0 0 0 0 17020.7 0 0
0.0165482 178393 178393 178393 178395 231816 0 0 0 0 7532.89 0 0
0.0191095 150998 150998 150998 150999 178256 0 0 0 0 4297.44 0 0
0.0220673 123433 123433 123433 123434 137009 0 0 0 0 3285.7 0 0
0.025483 98607.7 98607.7 98607.7 98608.5 105261 0 0 0 0 2968.58 0 0
0.0294273 77610.7 77610.7 77610.7 77611.2 80836.8 0 0 0 0 2836.97 0 0
0.0339821 60502.3 60502.3 60502.3 60502.6 62055.5 0 0 0 0 2730.24 0 0
0.0392419 46875.7 46875.7 46875.7 46875.9 47620 0 0 0 0 2607.13 0 0
0.0453158 36174 36174 36174 36174.1 36529.5 0 0 0 0 2457.3 0 0
0.0523299 27842.9 27842.9 27842.9 27843 28012.3 0 0 0 0 2293.03 0 0
0.0604296 21393.5 21393.5 21393.5 21393.6 21474.1 0 0 0 0 2113.33 0 0
0.0697831 16418.5 16418.5 16418.5 16418.5 16456.8 0 0 0 0 1923 0 0
0.0805842 12589.9 12589.9 12589.9 12589.9 12608 0 0 0 0 1729.66 0 0
0.0930572 9648.05 9648.05 9648.05 9648.07 9656.67 0 0 0 0 1535.4 0 0
0.107461 7390.12 7390.12 7390.12 7390.13 7394.21 0 0 0 0 1343.64 0 0
0.124094 5658.43 5658.43 5658.43 5658.44 5660.37 0 0 0 0 1159.14 0 0
0.143301 4331.13 4331.13 4331.13 4331.13 4332.04 0 0 0 0 988.635 0 0
0.165482 3314.24 3314.24 3314.24 3314.24 3314.67 0 0 0 0 831.221 0 0
0.191095 2535.47 2535.47 2535.47 2535.47 2535.67 0 0 0 0 687.881 0 0
0.220673 1939.25 1939.25 1939.25 1939.25 1939.35 0 0 0 0 560.32 0 0
0.25483 1482.92 1482.92 1482.92 1482.92 1482.97 0 0 0 0 450.212 0 0
0.294273 1133.75 1133.75 1133.75 1133.75 1133.77 0 0 0 0 355.666 0 0
0.339821 866.634 866.634 866.634 866.635 866.645 0 0 0 0 277.249 0 0
0.392419 662.338 662.338 662.338 662.338 662.343 0 0 0 0 213.541 0 0
0.453158 506.115 506.115 506.115 506.115 506.12 0 0 0 0 162.515 0 0
0.523299 386.681 386.681 386.681 386.682 386.684 0 0 0 0 122.375 0 0
0.604296 295.387 295.387 295.387 295.387 295.388 0 0 0 0 91.6034 0 0
0.697831 225.614 225.614 225.614 225.614 225.615 0 0 0 0 68.5414 0 0
0.805842 172.298 172.298 172.298 172.298 172.299 0 0 0 0 51.4717 0 0
0.930572 131.564 131.564 131.564 131.564 131.564 0 0 0 0 38.9807 0 0
1.07461 100.447 100.447 100.447 100.447 100.447 0 0 0 0 29.932 0 0
1.24094 76.6791 76.6791 76.6791 76.6792 76.6792 0 0 0 0 23.397 0 0
1.43301 58.5281 58.5281 58.5281 58.5281 58.5281 0 0 0 0 18.6022 0 0
1.65482 44.6681 44.6681 44.6681 44.6681 44.6681 0 0 0 0 15.0185 0 0
1.91095 34.086 34.086 34.086 34.086 34.086 0 0 0 0 12.2688 0 0
2.20673 26.0077 26.0077 26.0077 26.0077 26.0077 0 0 0 0 10.0986 0 0
2.5483 19.8414 19.8414 19.8414 19.8414 19.8414 0 0 0 0 8.34098 0 0
2.94273 15.1352 15.1352 15.1352 15.1352 15.1352 0 0 0 0 6.88941 0 0
3.39821 11.5439 11.5439 11.5439 11.5439 11.5439 0 0 0 0 5.67587 0 0
3.92419 8.80355 8.80355 8.80355 8.80355 8.80355 0 0 0 0 4.6558 0 0
4.53158 6.71286 6.71286 6.71286 6.71286 6.71286 0 0 0 0 3.79878 0 0
5.23299 5.11798 5.11798 5.11798 5.11798 5.11798 0 0 0 0 3.08122 0 0
6.04296 3.9015 3.9015 3.9015 3.9015 3.9015 0 0 0 0 2.48433 0 0
6.97831 2.97374 2.97374 2.97374 2.97374 2.97374 0 0 0 0 1.99165 0 0
8.05842 2.26628 2.26628 2.26628 2.26628 2.26628 0 0 0 0 1.58811 0 0
9.30572 1.72686 1.72686 1.72686 1.72686 1.72686 0 0 0 0 1.26029 0 0
10.7461 1.31564 1.31564 1.31564 1.31564 1.31564 0 0 0 0 0.996041 0 0
12.4094 1.00219 1.00219 1.00219 1.00219 1.00219 0 0 0 0 0.78459 0 0
14.3301 0.763296 0.763296 0.763296 0.763296 0.763296 0 0 0 0 0.616555 0 0
16.5482 0.581252 0.581252 0.581252 0.581252 0.581252 0 0 0 0 0.483815 0 0
19.1095 0.442551 0.442551 0.442551 0.442551 0.442551 0 0 0 0 0.37949 0 0
22.0673 0.336889 0.336889 0.336889 0.336889 0.336889 0 0 0 0 0.297823 0 0
25.483 0.256408 0.256408 0.256408 0.256408 0.256408 0 0 0 0 0.234072 0 0
29.4273 0.195119 0.195119 0.195119 0.195119 0.195119 0 0 0 0 0.184377 0 0
33.9821 0.148452 0.148452 0.148452 0.148452 0.148452 0 0 0 0 0.145636 0 0
39.2419 0.112925 0.112925 0.112925 0.112925 0.112925 0 0 0 0 0.115396 0 0
45.3158 0.0858832 0.0858832 0.0858832 0.0858832 0.0858832 0 0 0 0 0.0917278 0 0
52.3299 0.0653042 0.0653042 0.0653042 0.0653042 0.0653042 0 0 0 0 0.0731359 0 0
60.4296 0.0496462 0.0496462 0.0496462 0.0496462 0.0496462 0 0 0 0 0.058469 0 0
69.7831 0.0377347 0.0377347 0.0377347 0.0377347 0.0377347 0 0 0 0 0.0468405 0 0
80.5842 0.0286751 0.0286751 0.0286751 0.0286751 0.0286751 0 0 0 0 0.0375821 0 0
93.0572 0.0217859 0.0217859 0.0217859 0.0217859 0.0217859 0 0 0 0 0.0301786 0 0
107.461 0.0165483 0.0165483 0.0165483 0.0165483 0.0165483 0 0 0 0 0.0242372 0 0
124.094 0.0125671 0.0125671 0.0125671 0.0125671 0.0125671 0 0 0 0 0.0194587 0 0
143.301 0.00954152 0.00954152 0.00954152 0.00954152 0.00954152 0 0 0 0 0.0156069 0 0
165.482 0.00724273 0.00724273 0.00724273 0.00724273 0.00724273 0 0 0 0 0.0125024 0 0
191.095 0.0054965 0.0054965 0.0054965 0.0054965 0.0054965 0 0 0 0 0.0100015 0 0
220.673 0.00417031 0.00417031 0.00417031 0.00417031 0.00417031 0 0 0 0 0.00798782 0 0
254.83 0.00316336 0.00316336 0.00316336 0.00316336 0.00316336 0 0 0 0 0.00636937 0 0
294.273 0.00239896 0.00239896 0.00239896 0.00239896 0.00239896 0 0 0 0 0.00507164 0 0
339.821 0.00181883 0.00181883 0.00181883 0.00181883 0.00181883 0 0 0 0 0.00403303 0 0
392.419 0.00137864 0.00137864 0.00137864 0.00137864 0.00137864 0 0 0 0 0.00320377 0 0
453.158 0.00104473 0.00104473 0.00104473 0.00104473 0.00104473 0 0 0 0 0.00254312 0 0
523.299 0.000791491 0.000791491 0.000791491 0.000791491 0.000791491 0 0 0 0 0.0020177 0 0
604.296 0.000599481 0.000599481 0.000599481 0.000599481 0.000599481 0 0 0 0 0.00160067 0 0
697.831 0.000453933 0.000453933 0.000453933 0.000453933 0.000453933 0 0 0 0 0.00126993 0 0
805.842 0.000343631 0.000343631 0.000343631 0.000343631 0.000343631 0 0 0 0 0.00100788 0 0
930.572 0.000260062 0.000260062 0.000260062 0.000260062 0.000260062 0 0 0 0 0.000800353 0 0
1074.61 0.000196762 0.000196762 0.000196762 0.000196762 0.000196762 0 0 0 0 0.000635994 0 0
1240.94 0.000148829 0.000148829 0.000148829 0.000148829 0.000148829 0 0 0 0 0.000505784 0 0
1433.01 0.000112541 0.000112541 0.000112541 0.000112541 0.000112541 0 0 0 0 0.000402538 0 0
1654.82 8.50765e-05 8.50765e-05 8.50765e-05 8.50765e-05 8.50765e-05 0 0 0 0 0.000320625 0 0
1910.95 6.42959e-05 6.42959e-05 6.42959e-05 6.42959e-05 6.42959e-05 0 0 0 0 0.000255558 0 0
2206.73 4.85768e-05 4.85768e-05 4.85768e-05 4.85768e-05 4.85768e-05 0 0 0 0 0.000203802 0 0
2548.3 3.66897e-05 3.66897e-05 3.66897e-05 3.66897e-05 3.66897e-05 0 0 0 0 0.000162602 0 0
2942.73 2.7703e-05 2.7703e-05 2.7703e-05 2.7703e-05 2.7703e-05 0 0 0 0 0.000129767 0 0
3398.21 2.0911e-05 2.0911e-05 2.0911e-05 2.0911e-05 2.0911e-05 0 0 0 0 0.000103574 0 0
3924.19 1.57793e-05 1.57793e-05 1.57793e-05 1.57793e-05 1.57793e-05 0 0 0 0 8.26659e-05 0 0
4531.58 1.1903e-05 1.1903e-05 1.1903e-05 1.1903e-05 1.1903e-05 0 0 0 0 6.59652e-05 0 0
5232.99 8.97698e-06 8.97698e-06 8.97698e-06 8.97698e-06 8.97698e-06 0 0 0 0 5.26274e-05 0 0
6042.96 6.76747e-06 6.76747e-06 6.76747e-06 6.76747e-06 6.76747e-06 0 0 0 0 4.19706e-05 0 0
6978.31 5.10009e-06 5.10009e-06 5.10009e-06 5.10009e-06 5.10009e-06 0 0 0 0 3.34595e-05 0 0
8058.42 3.84221e-06 3.84221e-06 3.84221e-06 3.84221e-06 3.84221e-06 0 0 0 0 2.66632e-05 0 0
9305.72 2.89358e-06 2.89358e-06 2.89358e-06 2.89358e-06 2.89358e-06 0 0 0 0 2.1239e-05 0 0
10746.1 2.17839e-06 2.17839e-06 2.17839e-06 2.17839e-06 2.17839e-06 0 0 0 0 1.69118e-05 0 0
12409.4 1.6394e-06 1.6394e-06 1.6394e-06 1.6394e-06 1.6394e-06 0 0 0 0 1.34619e-05 0 0
14330.1 1.23332e-06 1.23332e-06 1.23332e-06 1.23332e-06 1.23332e-06 0 0 0 0 1.07128e-05 0 0
16548.2 9.27486e-07 9.27486e-07 9.27486e-07 9.27486e-07 9.27486e-07 0 0 0 0 8.52327e-06 0 0
19109.5 6.97239e-07 6.97239e-07 6.97239e-07 6.97239e-07 6.97239e-07 0 0 0 0 6.78031e-06 0 0
22067.3 5.23958e-07 5.23958e-07 5.23958e-07 5.23958e-07 5.23958e-07 0 0 0 0 5.39321e-06 0 0
25483 3.93598e-07 3.93598e-07 3.93598e-07 3.93598e-07 3.93598e-07 0 0 0 0 4.28968e-06 0 0
29427.3 2.95564e-07 2.95564e-07 2.95564e-07 2.95564e-07 2.95564e-07 0 0 0 0 3.41185e-06 0 0
33982.1 2.21869e-07 2.21869e-07 2.21869e-07 2.21869e-07 2.21869e-07 0 0 0 0 2.71346e-06 0 0
39241.9 1.66491e-07 1.66491e-07 1.66491e-07 1.66491e-07 1.66491e-07 0 0 0 0 2.15807e-06 0 0
45315.8 1.24895e-07 1.24895e-07 1.24895e-07 1.24895e-07 1.24895e-07 0 0 0 0 1.71617e-06 0 0
52329.9 9.36616e-08 9.36616e-08 9.36616e-08 9.36616e-08 9.36616e-08 0 0 0 0 1.36459e-06 0 0
60429.6 7.02188e-08 7.02188e-08 7.02188e-08 7.02188e-08 7.02188e-08 0 0 0 0 1.08461e-06 0 0
69783.1 5.26296e-08 5.26296e-08 5.26296e-08 5.26296e-08 5.26296e-08 0 0 0 0 8.61838e-07 0 0
80584.2 3.94373e-08 3.94373e-08 3.94373e-08 3.94373e-08 3.94373e-08 0 0 0 0 6.8441e-07 0 0
93057.2 2.95456e-08 2.95456e-08 2.95456e-08 2.95456e-08 2.95456e-08 0 0 0 0 5.43168e-07 0 0
107461 2.21306e-08 2.21306e-08 2.21306e-08 2.21306e-08 2.21306e-08 0 0 0 0 4.30666e-07 0 0
124094 1.65735e-08 1.65735e-08 1.65735e-08 1.65735e-08 1.65735e-08 0 0 0 0 3.41098e-07 0 0
143301 1.24098e-08 1.24098e-08 1.24098e-08 1.24098e-08 1.24098e-08 0 0 0 0 2.69802e-07 0 0
165482 9.29048e-09 9.29048e-09 9.29048e-09 9.29048e-09 9.29048e-09 0 0 0 0 2.13087e-07 0 0
191095 6.95405e-09 6.95405e-09 6.95405e-09 6.95405e-09 6.95405e-09 0 0 0 0 1.67989e-07 0 0
220673 5.20425e-09 5.20425e-09 5.20425e-09 5.20425e-09 5.20425e-09 0 0 0 0 1.3218e-07 0 0
254830 3.89402e-09 3.89402e-09 3.89402e-09 3.89402e-09 3.89402e-09 0 0 0 0 1.03769e-07 0 0
294273 2.91311e-09 2.91311e-09 2.91311e-09 2.91311e-09 2.91311e-09 0 0 0 0 8.12706e-08 0 0
339821 2.17888e-09 2.17888e-09 2.17888e-09 2.17888e-09 2.17888e-09 0 0 0 0 6.34838e-08 0 0
392419 1.62941e-09 1.62941e-09 1.62941e-09 1.62941e-09 1.62941e-09 0 0 0 0 4.94529e-08 0 0
453158 1.21826e-09 1.21826e-09 1.21826e-09 1.21826e-09 1.21826e-09 0 0 0 0 3.84092e-08 0 0
523299 9.1068e-10 9.1068e-10 9.1068e-10 9.1068e-10 9.1068e-10 0 0 0 0 2.97397e-08 0 0
604296 6.80629e-10 6.80629e-10 6.80629e-10 6.80629e-10 6.80629e-10 0 0 0 0 2.29539e-08 0 0
697831 5.08595e-10 5.08595e-10 5.08595e-10 5.08595e-10 5.08595e-10 0 0 0 0 1.76589e-08 0 0
805842 3.79965e-10 3.79965e-10 3.79965e-10 3.79965e-10 3.79965e-10 0 0 0 0 1.35374e-08 0 0
930572 2.83803e-10 2.83803e-10 2.83803e-10 2.83803e-10 2.83803e-10 0 0 0 0 1.03393e-08 0 0
1.07461e+06 2.11925e-10 2.11925e-10 2.11925e-10 2.11925e-10 2.11925e-10 0 0 0 0 7.86986e-09 0 0
1.24094e+06 1.58208e-10 1.58208e-10 1.58208e-10 1.58208e-10 1.58208e-10 0 0 4.62844e-22 0 5.74091e-09 0 0
1.43301e+06 1.18069e-10 1.18069e-10 1.18069e-10 1.18069e-10 1.18069e-10 0 0 5.13764e-22 0 4.06277e-09 0 0
1.65482e+06 8.80831e-11 8.80831e-11 8.80831e-11 8.80831e-11 8.80831e-11 0 0 5.62247e-22 0 2.807e-09 0 0
1.91095e+06 6.56871e-11 6.56871e-11 6.56871e-11 6.56871e-11 6.56871e-11 0 0 6.16742e-22 0 1.82448e-09 0 0
2.20673e+06 4.89646e-11 4.89646e-11 4.89646e-11 4.89646e-11 4.89646e-11 0 0 6.63919e-22 0 1.14878e-09 0 0
2.5483e+06 3.64821e-11 3.64821e-11 3.64821e-11 3.64821e-11 3.64821e-11 0 0 7.07145e-22 0 6.61916e-10 0 0
2.94273e+06 2.71679e-11 2.71679e-11 2.71679e-11 2.71679e-11 2.71679e-11 0 0 7.52344e-22 0 3.49957e-10 0 0
3.39821e+06 2.02205e-11 2.02205e-11 2.02205e-11 2.02205e-11 2.02205e-11 0 0 7.92631e-22 0 1.70371e-10 0 0
3.92419e+06 1.50407e-11 1.50407e-11 1.50407e-11 1.50407e-11 1.50407e-11 0 0 8.31834e-22 0 7.39497e-11 0 0
4.53158e+06 1.11806e-11 1.11806e-11 1.11806e-11 1.11806e-11 1.11806e-11 0 0 8.68902e-22 0 2.67666e-11 0 0
5.23299e+06 8.30537e-12 8.30537e-12 8.30537e-12 8.30537e-12 8.30537e-12 0 0 9.03032e-22 0 8.61315e-12 0 0
6.04296e+06 6.16498e-12 6.16498e-12 6.16498e-12 6.16498e-12 6.16498e-12 0 0 9.34271e-22 0 2.19242e-12 0 0
6.97831e+06 4.57253e-12 4.57253e-12 4.57253e-12 4.57253e-12 4.57253e-12 0 0 9.62708e-22 0 4.25101e-13 0 0
8.05842e+06 3.38851e-12 3.38851e-12 3.38851e-12 3.38851e-12 3.38851e-12 0 0 9.84646e-22 0 6.93542e-14 0 0
9.30572e+06 2.50878e-12 2.50878e-12 2.50878e-12 2.50878e-12 2.50878e-12 0 0 1.01081e-21 0 7.35751e-15 0 0
1.07461e+07 1.85562e-12 1.85562e-12 1.85562e-12 1.85562e-12 1.85562e-12 0 0 1.02809e-21 0 6.00694e-16 0 0
1.24094e+07 1.37107e-12 1.37107e-12 1.37107e-12 1.37107e-12 1.37107e-12 0 0 1.04184e-21 0 3.12842e-17 0 0
1.43301e+07 1.01191e-12 1.01191e-12 1.01191e-12 1.01191e-12 1.01191e-12 0 0 1.05115e-21 0 1.14548e-18 0 0
1.65482e+07 7.45941e-13 7.45941e-13 7.45941e-13 7.45941e-13 7.45941e-13 0 0 1.0642e-21 0 1.64138e-20 0 0
1.91095e+07 5.49185e-13 5.49185e-13 5.49185e-13 5.49185e-13 5.49185e-13 0 0 1.07142e-21 0 1.84572e-22 0 0
2.20673e+07 4.03789e-13 4.03789e-13 4.03789e-13 4.03789e-13 4.03789e-13 0 0 1.07888e-21 0 7.70621e-25 0 0
2.5483e+07 2.9647e-13 2.9647e-13 2.9647e-13 2.9647e-13 2.9647e-13 0 0 1.08456e-21 0 1.91713e-27 0 0
2.94273e+07 2.17357e-13 2.17357e-13 2.17357e-13 2.17357e-13 2.17357e-13 0 0 1.08834e-21 0 7.90229e-31 0 0
3.39821e+07 1.59114e-13 1.59114e-13 1.59114e-13 1.59114e-13 1.59114e-13 0 0 1.09028e-21 0 2.33807e-34 0 0
3.92419e+07 1.16297e-13 1.16297e-13 1.16297e-13 1.16297e-13 1.16297e-13 0 0 1.09066e-21 0 1.21721e-38 0 0
4.53158e+07 8.48665e-14 8.48665e-14 8.48665e-14 8.48665e-14 8.48665e-14 0 0 1.08487e-21 0 1.85698e-43 0 0
5.23299e+07 6.1831e-14 6.1831e-14 6.1831e-14 6.1831e-14 6.1831e-14 0 1.08485e-22 1.08646e-21 0 1.95736e-49 0 0
6.04296e+07 4.49754e-14 4.49754e-14 4.49754e-14 4.49754e-14 4.49754e-14 0 6.90786e-21 1.08003e-21 0 7.30277e-56 0 0
6.97831e+07 3.26623e-14 3.26623e-14 3.26623e-14 3.26623e-14 3.26623e-14 0 1.04836e-20 1.07117e-21 0 1.71165e-63 0 0
8.05842e+07 2.36828e-14 2.36828e-14 2.36828e-14 2.36828e-14 2.36828e-14 0 1.09549e-20 1.06434e-21 0 0 0 0
9.30572e+07 1.71456e-14 1.71456e-14 1.71456e-14 1.71456e-14 1.71456e-14 0 1.13712e-20 1.05433e-21 0 0 0 0
1.07461e+08 1.23944e-14 1.23944e-14 1.23944e-14 1.23944e-14 1.23944e-14 8.71514e-22 1.17889e-20 1.04425e-21 0 0 29.2687 0
1.24094e+08 8.94708e-15 8.94708e-15 8.94708e-15 8.94708e-15 8.94708e-15 6.22561e-21 1.21582e-20 1.03815e-21 0 0 25.7131 0
1.43301e+08 6.4499e-15 6.4499e-15 6.4499e-15 6.4499e-15 6.4499e-15 7.72844e-21 1.24835e-20 1.02582e-21 0 0 22.5893 0
1.65482e+08 4.64383e-15 4.64383e-15 4.64383e-15 4.64383e-15 4.64383e-15 7.99277e-21 1.27675e-20 1.01555e-21 0 0 19.8451 0
1.91095e+08 3.33956e-15 3.33956e-15 3.33956e-15 3.33956e-15 3.33956e-15 8.19997e-21 1.30112e-20 1.00451e-21 0 0 17.4343 0
2.20673e+08 2.399e-15 2.399e-15 2.399e-15 2.399e-15 2.399e-15 8.37234e-21 1.32285e-20 9.92542e-22 0 0 15.3163 0
2.5483e+08 1.72162e-15 1.72162e-15 1.72162e-15 1.72162e-15 1.72162e-15 8.51867e-21 1.34252e-20 9.80707e-22 0 0 13.4556 0
2.94273e+08 1.23439e-15 1.23439e-15 1.23439e-15 1.23439e-15 1.23439e-15 8.61773e-21 1.35726e-20 9.67131e-22 0 0 11.821 0
3.39821e+08 8.84312e-16 8.84312e-16 8.84312e-16 8.84312e-16 8.84312e-16 8.67199e-21 1.36679e-20 9.51714e-22 0 0 10.8431 0
3.92419e+08 6.33047e-16 6.33047e-16 6.33047e-16 6.33047e-16 6.33047e-16 8.68315e-21 1.37084e-20 9.38209e-22 0 0 10.3849 0
4.53158e+08 4.52871e-16 4.52871e-16 4.52871e-16 4.52871e-16 4.52871e-16 8.65248e-21 1.36915e-20 9.20058e-22 0 0 9.94612 0
5.23299e+08 3.23782e-16 3.23782e-16 3.23782e-16 3.23782e-16 3.23782e-16 8.58171e-21 1.36151e-20 9.03911e-22 0 0 9.52585 0
6.04296e+08 2.31366e-16 2.31366e-16 2.31366e-16 2.31366e-16 2.31366e-16 8.49116e-21 1.34781e-20 8.88331e-22 0 0 9.12333 0
6.97831e+08 1.6525e-16 1.6525e-16 1.6525e-16 1.6525e-16 1.6525e-16 8.35922e-21 1.32807e-20 8.75541e-22 0 0 8.73783 0
8.05842e+08 1.17981e-16 1.17981e-16 1.17981e-16 1.17981e-16 1.17981e-16 8.18815e-21 1.30242e-20 8.59621e-22 0 0 8.36862 0
9.30572e+08 8.42051e-17 8.42051e-17 8.42051e-17 8.42051e-17 8.42051e-17 7.98083e-21 1.27114e-20 8.4525e-22 0 0 8.015 0
1.07461e+09 6.00829e-17 6.00829e-17 6.00829e-17 6.00829e-17 6.00829e-17 7.74069e-21 1.23464e-20 8.30814e-22 0 0 8.04389 0
1.24094e+09 4.28629e-17 4.28629e-17 4.28629e-17 4.28629e-17 4.28629e-17 7.4717e-21 1.19347e-20 8.15434e-22 0 0 8.45943 0
1.43301e+09 3.05749e-17 3.05749e-17 3.05749e-17 3.05749e-17 3.05749e-17 7.17831e-21 1.14826e-20 8.02089e-22 0 0 8.89644 0
1.65482e+09 2.18088e-17 2.18088e-17 2.18088e-17 2.18088e-17 2.18088e-17 6.86524e-21 1.09973e-20 7.86763e-22 0 0 9.35602 0
1.91095e+09 1.55567e-17 1.55567e-17 1.55567e-17 1.55567e-17 1.55567e-17 6.53734e-21 1.04861e-20 7.70691e-22 0 0 9.83934 0
2.20673e+09 1.1098e-17 1.1098e-17 1.1098e-17 1.1098e-17 1.1098e-17 6.19944e-21 9.95685e-21 7.56177e-22 0 0 10.3476 0
2.5483e+09 7.91842e-18 7.91842e-18 7.91842e-18 7.91842e-18 7.91842e-18 5.85616e-21 9.4168e-21 7.38853e-22 0 0 10.8822 0
2.94273e+09 5.65079e-18 5.65079e-18 5.65079e-18 5.65079e-18 5.65079e-18 5.5118e-21 8.87299e-21 7.2299e-22 0 0 11.4443 0
3.39821e+09 4.03327e-18 4.03327e-18 4.03327e-18 4.03327e-18 4.03327e-18 5.1702e-21 8.33171e-21 7.1196e-22 0 0 12.0356 0
3.92419e+09 2.87916e-18 2.87916e-18 2.87916e-18 2.87916e-18 2.87916e-18 4.83473e-21 7.79853e-21 6.94312e-22 0 0 12.6573 0
4.53158e+09 2.05541e-18 2.05541e-18 2.05541e-18 2.05541e-18 2.05541e-18 4.5082e-21 7.27815e-21 6.79215e-22 0 0 13.3112 0
5.23299e+09 1.46725e-18 1.46725e-18 1.46725e-18 1.46725e-18 1.46725e-18 4.19287e-21 6.77527e-21 6.64586e-22 0 0 13.9988 0
6.04296e+09 1.04713e-18 1.04713e-18 1.04713e-18 1.04713e-18 1.04713e-18 3.8905e-21 6.29212e-21 6.4972e-22 0 0 14.722 0
6.97831e+09 7.46952e-19 7.46952e-19 7.46952e-19 7.46952e-19 7.46952e-19 3.60236e-21 5.83058e-21 6.34598e-22 0 0 15.4825 0
8.05842e+09 5.32435e-19 5.32435e-19 5.32435e-19 5.32435e-19 5.32435e-19 3.3293e-21 5.39224e-21 6.19274e-22 0 0 16.2823 0
9.30572e+09 3.79133e-19 3.79133e-19 3.79133e-19 3.79133e-19 3.79133e-19 3.07178e-21 4.97805e-21 6.02683e-22 0 0 17.1234 0
1.07461e+10 2.69607e-19 2.69607e-19 2.69607e-19 2.69607e-19 2.69607e-19 2.82996e-21 4.58842e-21 5.87838e-22 0 0 19.2128 0
1.24094e+10 1.91402e-19 1.91402e-19 1.91402e-19 1.91402e-19 1.91402e-19 2.60372e-21 4.22335e-21 5.69309e-22 0 0 22.9994 0
1.43301e+10 1.35617e-19 1.35617e-19 1.35617e-19 1.35617e-19 1.35617e-19 2.39277e-21 3.88245e-21 5.51355e-22 0 0 27.5322 0
1.65482e+10 9.58784e-20 9.58784e-20 9.58784e-20 9.58784e-20 9.58784e-20 2.19663e-21 3.56509e-21 5.38554e-22 0 0 32.9584 0
1.91095e+10 6.76227e-20 6.76227e-20 6.76227e-20 6.76227e-20 6.76227e-20 2.01472e-21 3.27042e-21 5.20698e-22 0 0 39.454 0
2.20673e+10 4.75757e-20 4.75757e-20 4.75757e-20 4.75757e-20 4.75757e-20 1.84637e-21 2.99743e-21 5.02758e-22 0 0 47.2298 34.7254
2.5483e+10 3.33888e-20 3.33888e-20 3.33888e-20 3.33888e-20 3.33888e-20 1.69088e-21 2.74506e-21 4.88194e-22 0 0 56.5381 22.9578
2.94273e+10 2.33766e-20 2.33766e-20 2.33766e-20 2.33766e-20 2.33766e-20 1.5475e-21 2.51213e-21 4.72368e-22 0 0 67.6809 15.5417
3.39821e+10 1.63313e-20 1.63313e-20 1.63313e-20 1.63313e-20 1.63313e-20 1.41546e-21 2.29748e-21 4.5767e-22 0 0 81.0198 10.7604
3.92419e+10 1.1388e-20 1.1388e-20 1.1388e-20 1.1388e-20 1.1388e-20 1.29404e-21 2.09995e-21 4.43285e-22 0 0 96.9876 7.61059
4.53158e+10 7.92902e-21 7.92904e-21 7.92904e-21 7.92904e-21 7.92904e-21 1.18248e-21 1.91836e-21 4.29252e-22 0 0 116.102 5.49245
5.23299e+10 5.51477e-21 5.51481e-21 5.51481e-21 5.51481e-21 5.51481e-21 1.08009e-21 1.75161e-21 4.14672e-22 0 0 138.984 4.04008
6.04296e+10 3.83329e-21 3.83334e-21 3.83334e-21 3.83334e-21 3.83334e-21 9.86183e-22 1.59861e-21 4.01744e-22 0 0 166.376 3.02568
6.97831e+10 2.66292e-21 2.66297e-21 2.66297e-21 2.66297e-21 2.66297e-21 8.51194e-22 1.3905e-21 3.86763e-22 0 0 199.166 2.3047
8.05842e+10 1.85017e-21 1.85023e-21 1.85023e-21 1.85023e-21 1.85023e-21 7.34132e-22 1.208e-21 3.72577e-22 0 0 238.419 1.78376
9.30572e+10 1.28616e-21 1.28622e-21 1.28622e-21 1.28622e-21 1.28622e-21 6.32672e-22 1.04811e-21 3.61836e-22 0 0 285.408 1.40144
1.07461e+11 8.94813e-22 8.94873e-22 8.94873e-22 8.94873e-22 8.94873e-22 5.44785e-22 9.08207e-22 3.47432e-22 0 0 341.658 1.11671
1.24094e+11 6.23155e-22 6.23213e-22 6.23213e-22 6.23213e-22 6.23213e-22 4.68704e-22 7.85919e-22 3.33234e-22 0 0 408.993 0.901709
1.43301e+11 4.34407e-22 4.34462e-22 4.34462e-22 4.34462e-22 4.34462e-22 4.02884e-22 6.79161e-22 3.20543e-22 0 0 489.6 0.737233
1.65482e+11 3.03083e-22 3.03135e-22 3.03135e-22 3.03135e-22 3.03135e-22 3.45983e-22 5.86073e-22 3.06819e-22 0 0 586.092 0.609868
1.91095e+11 2.11553e-22 2.11601e-22 2.11601e-22 2.11601e-22 2.11601e-22 2.96828e-22 5.0501e-22 2.93158e-22 0 0 701.602 0.510106
2.20673e+11 1.47634e-22 1.47678e-22 1.47678e-22 1.47678e-22 1.47678e-22 2.54397e-22 4.34511e-22 2.79062e-22 0 0 839.878 0.431129
2.5483e+11 1.02911e-22 1.02951e-22 1.02951e-22 1.02951e-22 1.02951e-22 2.178e-22 3.73281e-22 2.64497e-22 0 0 1005.41 0.367983
2.94273e+11 7.15698e-23 7.16063e-23 7.16063e-23 7.16063e-23 7.16063e-23 1.86263e-22 3.20177e-22 2.49653e-22 0 0 1203.56 0.317029
3.39821e+11 4.95881e-23 4.96205e-23 4.96205e-23 4.96205e-23 4.96205e-23 1.5911e-22 2.74185e-22 2.33866e-22 0 0 0 0.275565
3.92419e+11 3.4178e-23 3.42062e-23 3.42062e-23 3.42062e-23 3.42062e-23 1.35754e-22 2.34412e-22 2.17224e-22 0 0 0 0.241562
4.53158e+11 2.33996e-23 2.34238e-23 2.34238e-23 2.34238e-23 2.34238e-23 1.15684e-22 2.00071e-22 2.02364e-22 0 0 0 0.213483
5.23299e+11 1.58946e-23 1.59148e-23 1.59148e-23 1.59148e-23 1.59148e-23 9.84552e-23 1.70463e-22 1.85843e-22 0 0 0 0.190154
6.04296e+11 1.07039e-23 1.07203e-23 1.07203e-23 1.07203e-23 1.07203e-23 8.36816e-23 1.44979e-22 1.68959e-22 0 0 0 0.170669
6.97831e+11 7.14535e-24 7.15831e-24 7.15831e-24 7.15831e-24 7.15831e-24 7.10273e-23 1.2308e-22 1.52962e-22 0 0 0 0.154323
8.05842e+11 4.73079e-24 4.74074e-24 4.74074e-24 4.74074e-24 4.74074e-24 6.02015e-23 1.04293e-22 1.36787e-22 0 0 0 0.140565
9.30572e+11 3.11025e-24 3.11767e-24 3.11767e-24 3.11767e-24 3.11767e-24 5.09514e-23 8.82053e-23 1.21144e-22 0 0 0 0.12896
1.07461e+12 2.03393e-24 2.03932e-24 2.03932e-24 2.03932e-24 2.03932e-24 4.30569e-23 7.44523e-23 1.06001e-22 0 0 0 0.119166
1.24094e+12 1.32564e-24 1.32948e-24 1.32948e-24 1.32948e-24 1.32948e-24 3.63291e-23 6.27173e-23 9.13051e-23 0 0 0 0.110908
1.43301e+12 8.63039e-25 8.65719e-25 8.65719e-25 8.65719e-25 8.65719e-25 3.06031e-23 5.27232e-23 7.72226e-23 0 0 0 0.103969
1.65482e+12 5.62491e-25 5.64336e-25 5.64336e-25 5.64336e-25 5.64336e-25 2.57368e-23 4.42277e-23 6.40297e-23 0 0 0 0.098177
1.91095e+12 3.6781e-25 3.69069e-25 3.69069e-25 3.69069e-25 3.69069e-25 2.16074e-23 3.70201e-23 5.15292e-23 0 0 0 0.0933933
2.20673e+12 2.41794e-25 2.4265e-25 2.4265e-25 2.4265e-25 2.4265e-25 1.81083e-23 3.09197e-23 4.01658e-23 0 0 0 0.0895108
2.5483e+12 1.60104e-25 1.60685e-25 1.60685e-25 1.60685e-25 1.60685e-25 1.51483e-23 2.5765e-23 3.05001e-23 0 0 0 0.0864461
2.94273e+12 1.0696e-25 1.07357e-25 1.07357e-25 1.07357e-25 1.07357e-25 1.26488e-23 2.14194e-23 2.20079e-23 0 0 0 0.0841374
3.39821e+12 7.22027e-26 7.24776e-26 7.24776e-26 7.24776e-26 7.24776e-26 1.0541e-23 1.77643e-23 1.50834e-23 0 0 0 0.082541
3.92419e+12 4.93177e-26 4.95109e-26 4.95109e-26 4.95109e-26 4.95109e-26 8.76707e-24 1.46981e-23 9.79827e-24 0 0 0 0.08163
4.53158e+12 3.41281e-26 3.42663e-26 3.42663e-26 3.42663e-26 3.42663e-26 7.27752e-24 1.21304e-23 5.93779e-24 0 0 0 0.0813928
5.23299e+12 2.39492e-26 2.405e-26 2.405e-26 2.405e-26 2.405e-26 6.02812e-24 9.98654e-24 3.34122e-24 0 0 0 0.0818329
6.04296e+12 1.70564e-26 1.71313e-26 1.71313e-26 1.71313e-26 1.71313e-26 4.98253e-24 8.20077e-24 1.73046e-24 0 0 0 0.0829683
6.97831e+12 1.2335e-26 1.23916e-26 1.23916e-26 1.23916e-26 1.23916e-26 4.10967e-24 6.71671e-24 8.20291e-25 0 0 0 0.0848322
8.05842e+12 9.05994e-27 9.10356e-27 9.10356e-27 9.10356e-27 9.10356e-27 3.3824e-24 5.48712e-24 3.60866e-25 0 0 0 0.0874729
9.30572e+12 6.75725e-27 6.79152e-27 6.79152e-27 6.79152e-27 6.79152e-27 2.77754e-24 4.47101e-24 1.55287e-25 0 0 0 0.0909553
1.07461e+13 5.11555e-27 5.1431e-27 5.1431e-27 5.1431e-27 5.1431e-27 2.27584e-24 3.63304e-24 7.46089e-26 0 0 0 0.0953611
1.24094e+13 3.92747e-27 3.95025e-27 3.95025e-27 3.95025e-27 3.95025e-27 1.86067e-24 2.94546e-24 4.74776e-26 0 0 0 0.10079
1.43301e+13 3.05273e-27 3.07225e-27 3.07225e-27 3.07225e-27 3.07225e-27 1.51765e-24 2.38157e-24 3.87314e-26 0 0 0 0.10736
1.65482e+13 2.39559e-27 2.41308e-27 2.41308e-27 2.41308e-27 2.41308e-27 1.23533e-24 1.92074e-24 3.54415e-26 0 0 0 0.115206
1.91095e+13 1.88537e-27 1.90186e-27 1.90186e-27 1.90186e-27 1.90186e-27 1.00319e-24 1.54566e-24 3.35416e-26 0 0 0 0.12448
2.20673e+13 1.4683e-27 1.48457e-27 1.48457e-27 1.48457e-27 1.48457e-27 8.12996e-25 1.24102e-24 3.18425e-26 0 0 0 0.135345
2.5483e+13 1.10608e-27 1.12252e-27 1.12252e-27 1.12252e-27 1.12252e-27 6.57867e-25 9.94643e-25 3.02476e-26 0 0 0 0.147968
2.94273e+13 7.89417e-28 8.05794e-28 8.05794e-28 8.05794e-28 8.05794e-28 5.31121e-25 7.95725e-25 2.86141e-26 0 0 0 0.162507
3.39821e+13 5.3967e-28 5.55501e-28 5.55501e-28 5.55501e-28 5.55501e-28 4.28128e-25 6.35493e-25 2.69164e-26 0 0 0 0.179093
3.92419e+13 3.64078e-28 3.79025e-28 3.79025e-28 3.79025e-28 3.79025e-28 3.44723e-25 5.07034e-25 2.5263e-26 0 0 0 0.197804
4.53158e+13 2.47763e-28 2.61658e-28 2.61658e-28 2.61658e-28 2.61658e-28 2.77237e-25 4.03811e-25 2.34719e-26 0 0 0 0.218621
5.23299e+13 1.72035e-28 1.84818e-28 1.84818e-28 1.84818e-28 1.84818e-28 2.22871e-25 3.21208e-25 2.16523e-26 0 0 0 0.241387
6.04296e+13 1.22268e-28 1.33914e-28 1.33914e-28 1.33914e-28 1.33914e-28 1.79035e-25 2.55394e-25 1.98816e-26 0 0 0 0.265741
6.97831e+13 8.90095e-29 9.95323e-29 9.95323e-29 9.95323e-29 9.95323e-29 1.43825e-25 2.02401e-25 1.79463e-26 0 0 0 0.291055
8.05842e+13 6.62924e-29 7.5764e-29 7.5764e-29 7.5764e-29 7.5764e-29 1.15612e-25 1.60019e-25 1.60149e-26 0 0 0 0.316368
9.30572e+13 5.01988e-29 5.88199e-29 5.88199e-29 5.88199e-29 5.88199e-29 9.2852e-26 1.26115e-25 1.41104e-26 0 0 0 0.340344
1.07461e+14 3.8142e-29 4.64818e-29 4.64818e-29 4.64818e-29 4.64818e-29 7.45554e-26 9.8724e-26 1.21732e-26 0 0 0 0
1.24094e+14 2.80785e-29 3.74203e-29 3.74203e-29 3.74203e-29 3.74203e-29 6.00415e-26 7.6728e-26 1.03081e-26 0 0 0 0
1.43301e+14 1.81836e-29 3.04219e-29 3.04219e-29 3.04219e-29 3.04219e-29 4.81693e-26 5.90759e-26 8.54806e-27 0 0 0 0
1.65482e+14 8.70991e-30 2.49574e-29 2.49574e-29 2.49574e-29 2.49574e-29 3.85387e-26 4.4931e-26 6.91898e-27 0 0 0 0
1.91095e+14 2.33133e-30 2.06495e-29 2.06495e-29 2.06495e-29 2.06495e-29 3.07793e-26 3.35453e-26 5.4131e-27 0 0 0 0
2.20673e+14 2.3759e-31 1.71217e-29 1.71217e-29 1.71217e-29 1.71217e-29 2.44154e-26 2.45473e-26 4.09656e-27 0 0 0 0
2.5483e+14 6.02819e-33 1.41848e-29 1.41848e-29 1.41848e-29 1.41848e-29 1.92e-26 1.75175e-26 2.97804e-27 0 0 0 0
2.94273e+14 2.59769e-35 1.17043e-29 1.17043e-29 1.17043e-29 1.17043e-29 1.49346e-26 1.21058e-26 2.05612e-27 0 0 0 0
3.39821e+14 1.48382e-38 9.5631e-30 9.5631e-30 9.5631e-30 9.5631e-30 1.14341e-26 8.11645e-27 1.35424e-27 0 0 0 0
3.92419e+14 1.07908e-42 7.68878e-30 7.68878e-30 7.68878e-30 7.68878e-30 8.5686e-27 5.23064e-27 8.33853e-28 0 0 0 0
4.53158e+14 1.21751e-47 6.06759e-30 6.06759e-30 6.06759e-30 6.06759e-30 6.27302e-27 3.24162e-27 4.7726e-28 0 0 0 0
5.23299e+14 3.19048e-53 4.65619e-30 4.65619e-30 4.65619e-30 4.65619e-30 4.44717e-27 1.93728e-27 2.52098e-28 0 0 0 0
6.04296e+14 3.40437e-59 3.45739e-30 3.45739e-30 3.45739e-30 3.45739e-30 3.03927e-27 1.12009e-27 1.20902e-28 0 0 0 0
6.97831e+14 2.82079e-65 2.49076e-30 2.49076e-30 2.49076e-30 2.49076e-30 2.00863e-27 6.3342e-28 5.2224e-29 0 0 0 0
8.05842e+14 3.392e-71 1.71208e-30 1.71208e-30 1.71208e-30 1.71208e-30 1.26286e-27 3.5404e-28 1.99642e-29 0 0 0 0
9.30572e+14 1.05549e-76 1.12403e-30 1.12403e-30 1.12403e-30 1.12403e-30 7.56295e-28 1.97416e-28 6.59809e-30 0 0 0 0
1.07461e+15 1.36248e-81 7.07287e-31 7.07287e-31 7.07287e-31 7.07287e-31 4.33037e-28 1.10404e-28 1.8663e-30 0 0 0 0
1.24094e+15 1.02097e-85 4.26154e-31 4.26154e-31 4.26154e-31 4.26154e-31 2.36905e-28 6.16413e-29 4.39478e-31 0 0 0 0
1.43301e+15 5.49247e-89 2.48678e-31 2.48678e-31 2.48678e-31 2.48678e-31 1.25285e-28 3.40587e-29 8.44755e-32 0 0 0 0
1.65482e+15 2.31571e-91 1.42365e-31 1.42365e-31 1.42365e-31 1.42365e-31 6.48874e-29 1.84473e-29 1.28915e-32 0 0 0 0
1.91095e+15 7.52215e-93 8.1236e-32 8.1236e-32 8.1236e-32 8.1236e-32 3.34416e-29 9.72427e-30 1.51355e-33 0 0 0 0
2.20673e+15 1.68948e-93 4.66479e-32 4.66479e-32 4.66479e-32 4.66479e-32 1.73176e-29 4.96462e-30 1.31923e-34 0 0 0 0
2.5483e+15 2.18654e-93 2.68617e-32 2.68617e-32 2.68617e-32 2.68617e-32 8.9803e-30 2.44612e-30 8.34112e-36 0 0 0 0
2.94273e+15 1.29571e-92 1.53199e-32 1.53199e-32 1.53199e-32 1.53199e-32 4.60618e-30 1.15941e-30 3.61255e-37 0 0 0 0
3.39821e+15 2.73243e-91 8.52346e-33 8.52346e-33 8.52346e-33 8.52346e-33 2.302e-30 5.26842e-31 1.03796e-38 0 0 0 0
3.92419e+15 1.59125e-89 4.56648e-33 4.56648e-33 4.56648e-33 4.56648e-33 1.10658e-30 2.28622e-31 1.86809e-40 0 0 0 0
4.53158e+15 2.00936e-87 2.3342e-33 2.3342e-33 2.3342e-33 2.3342e-33 5.06992e-31 9.43157e-32 1.92458e-42 0 0 0 0
5.23299e+15 4.39977e-85 1.13002e-33 1.13002e-33 1.13002e-33 1.13002e-33 2.19784e-31 3.67945e-32 1.07932e-44 0 0 0 0
6.04296e+15 1.36583e-82 5.14565e-34 5.14565e-34 5.14565e-34 5.14565e-34 8.95382e-32 1.34907e-32 2.95178e-47 0 0 0 0
6.97831e+15 5.03396e-80 2.18782e-34 2.18782e-34 2.18782e-34 2.18782e-34 3.40316e-32 4.61571e-33 3.47124e-50 0 0 0 0
8.05842e+15 1.89026e-77 8.61486e-35 8.61486e-35 8.61486e-35 8.61486e-35 1.197e-32 1.46164e-33 1.54794e-53 0 0 0 0
9.30572e+15 6.35364e-75 3.11288e-35 3.11288e-35 3.11288e-35 3.11288e-35 3.8608e-33 4.24448e-34 2.15326e-57 0 0 0 0
1.07461e+16 1.71688e-72 1.02159e-35 1.02159e-35 1.02159e-35 1.02159e-35 1.13027e-33 1.11864e-34 7.63268e-62 0 0 0 0
1.24094e+16 3.41664e-70 3.01031e-36 3.01031e-36 3.01031e-36 3.01031e-36 2.96928e-34 2.64494e-35 5.30784e-67 0 0 0 0
1.43301e+16 4.66677e-68 7.86263e-37 7.86263e-37 7.86263e-37 7.86263e-37 6.91052e-35 5.53834e-36 5.57719e-73 0 0 0 0
1.65482e+16 4.13767e-66 1.79422e-37 1.79422e-37 1.79422e-37 1.79422e-37 1.40446e-35 1.01223e-36 6.04552e-80 0 0 0 0
1.91095e+16 2.27893e-64 3.51919e-38 3.51919e-38 3.51919e-38 3.51919e-38 2.45234e-36 1.58872e-37 4.59215e-88 0 0 0 0
2.20673e+16 7.53425e-63 5.82653e-39 5.82653e-39 5.82653e-39 5.82653e-39 3.61315e-37 2.10282e-38 1.53989e-97 0 0 0 0
2.5483e+16 1.45506e-61 7.98003e-40 7.98003e-40 7.98003e-40 7.98003e-40 4.40226e-38 2.2993e-39 0 0 0 0 0
2.94273e+16 1.6037e-60 8.82973e-41 8.82973e-41 8.82973e-41 8.82973e-41 4.33206e-39 2.02945e-40 0 0 0 0 0
3.39821e+16 9.90433e-60 7.70353e-42 7.70353e-42 7.70353e-42 7.70353e-42 3.36061e-40 1.41261e-41 0 0 0 0 0
3.92419e+16 3.36955e-59 5.15657e-43 5.15657e-43 5.15657e-43 5.15657e-43 1.99986e-41 7.53876e-43 0 0 0 0 0
4.53158e+16 6.18251e-59 2.55838e-44 2.55838e-44 2.55838e-44 2.55838e-44 8.82011e-43 2.98977e-44 0 0 0 0 0
5.23299e+16 5.97847e-59 9.05222e-46 9.05222e-46 9.05222e-46 9.05222e-46 2.7741e-44 8.50075e-46 0 0 0 0 0
6.04296e+16 2.93202e-59 2.16134e-47 2.16134e-47 2.16134e-47 2.16134e-47 5.88797e-46 1.62168e-47 0 0 0 0 0
6.97831e+16 6.17224e-60 2.89565e-49 2.89565e-49 2.89565e-49 2.89565e-49 7.01323e-48 1.58563e-49 0 0 0 0 0
8.05842e+16 0 0 0 0 0 0 0 0 0 0 0 0
9.30572e+16 0 0 0 0 0 0 0 0 0 0 0 0


