1.07461e-07 27.0667 27.0667 27.0667 72.6285 3.25966e+14 0 0 0 0 0 0 0
1.24094e-07 34.8534 34.8534 34.8534 81.9333 2.89309e+14 0 0 0 0 0 0 0
1.43301e-07 43.9731 43.9731 43.9731 92.182 2.56076e+14 0 0 0 0 0 0 0
1.65482e-07 54.4707 54.4707 54.4707 103.403 2.25971e+14 0 0 0 0 0 0 0
1.91095e-07 66.3627 66.3627 66.3627 115.607 1.98731e+14 0 0 0 0 0 0 0
2.20673e-07 79.6324 79.6324 79.6324 128.777 1.74116e+14 0 0 0 0 0 0 0
2.5483e-07 94.2234 94.2234 94.2234 142.866 1.51911e+14 0 0 0 0 0 0 0
2.94273e-07 110.034 110.034 110.034 157.785 1.31924e+14 0 0 0 0 0 0 0
3.39821e-07 126.908 126.908 126.908 173.4 1.13979e+14 0 0 0 0 0 0 0
3.92419e-07 144.636 144.636 144.636 189.524 9.79198e+13 0 0 0 0 0 0 0
4.53158e-07 162.946 162.946 162.946 205.919 8.36038e+13 0 0 0 0 0 0 0
5.23299e-07 181.508 181.508 181.508 222.293 7.09019e+13 0 0 0 0 0 0 0
6.04296e-07 199.948 199.948 199.948 238.313 5.96956e+13 0 0 0 0 0 0 0
6.97831e-07 217.861 217.861 217.861 253.625 4.98753e+13 0 0 0 0 0 0 0
8.05842e-07 234.843 234.843 234.843 267.881 4.13377e+13 0 0 0 0 0 0 0
9.30572e-07 250.537 250.537 250.537 280.786 3.39839e+13 0 0 0 0 0 0 0
1.07461e-06 264.689 264.689 264.689 292.148 2.77175e+13 0 0 0 0 0 0 0
1.24094e-06 277.212 277.212 277.212 301.948 2.24425e+13 0 0 0 0 0 0 0
1.43301e-06 288.253 288.253 288.253 310.399 1.80621e+13 0 0 0 0 0 0 0
1.65482e-06 298.258 298.258 298.258 318.002 1.44781e+13 0 0 0 0 0 0 0
1.91095e-06 307.993 307.993 307.993 325.572 1.15905e+13 0 0 0 0 0 0 0
2.20673e-06 318.534 318.534 318.534 334.218 9.2989e+12 0 0 0 0 0 0 0
2.5483e-06 331.183 331.183 331.183 345.259 7.50444e+12 0 0 0 0 0 0 0
2.94273e-06 347.326 347.326 347.326 360.074 6.11245e+12 0 0 0 0 0 0 0
3.39821e-06 368.233 368.233 368.233 379.908 5.03583e+12 0 0 0 0 0 0 0
3.92419e-06 394.858 394.858 394.858 405.676 4.19821e+12 0 0 0 0 0 0 0
4.53158e-06 427.697 427.697 427.697 437.826 3.53631e+12 0 0 0 0 0 0 0
5.23299e-06 466.762 466.762 466.762 476.32 3.00103e+12 0 0 0 0 0 0 0
6.04296e-06 511.696 511.696 511.696 520.757 2.55686e+12 0 0 0 0 0 0 0
6.97831e-06 561.986 561.986 561.986 570.594 2.17998e+12 0 0 0 0 0 0 0
8.05842e-06 617.213 617.213 617.213 625.39 1.85535e+12 0 0 0 0 0 0 0
9.30572e-06 677.233 677.233 677.233 684.996 1.57382e+12 0 0 0 0 0 0 0
1.07461e-05 742.282 742.282 742.282 749.645 1.3296e+12 0 0 0 0 0 0 0
1.24094e-05 812.991 812.991 812.991 819.97 1.11855e+12 0 0 0 0 0 0 0
1.43301e-05 890.368 890.368 890.368 896.983 9.37238e+11 0 0 0 0 0 0 0
1.65482e-05 975.771 975.771 975.771 982.046 7.82494e+11 0 0 0 0 0 0 0
1.91095e-05 1070.89 1070.89 1070.89 1076.85 6.51282e+11 0 0 0 0 0 0 0
2.20673e-05 1177.7 1177.7 1177.7 1183.38 5.40678e+11 0 0 0 0 0 0 0
2.5483e-05 1298.47 1298.47 1298.47 1303.89 4.479e+11 0 0 0 0 0 0 0
2.94273e-05 1435.72 1435.72 1435.72 1440.9 3.70366e+11 0 0 0 0 0 0 0
3.39821e-05 1592.26 1592.26 1592.26 1597.23 3.05737e+11 0 0 0 0 0 0 0
3.92419e-05 1771.37 1771.37 1771.37 1776.16 2.51954e+11 0 0 0 0 0 0 0
4.53158e-05 1977.01 1977.01 1977.01 1981.64 2.07248e+11 0 0 0 0 0 0 0
5.23299e-05 2214.11 2214.11 2214.11 2218.6 1.70131e+11 0 0 0 0 0 0 0
6.04296e-05 2488.8 2488.8 2488.8 2493.18 1.39362e+11 0 0 0 0 0 0 0
6.97831e-05 2808.62 2808.62 2808.62 2812.89 1.13904e+11 0 0 0 0 0 0 0
8.05842e-05 3182.53 3182.53 3182.53 3186.73 9.289e+10 0 0 0 0 0 0 0
9.30572e-05 3621.24 3621.24 3621.24 3625.37 7.55852e+10 0 0 0 0 0 0 0
0.000107461 4137.52 4137.52 4137.52 4141.61 6.13691e+10 0 0 0 0 0 0 0
0.000124094 4746.96 4746.96 4746.96 4751.02 4.97175e+10 0 0 0 0 0 0 0
0.000143301 5468.7 5468.7 5468.7 5472.75 4.01898e+10 0 0 0 0 0 0 0
0.000165482 6326.18 6326.18 6326.18 6330.24 3.2417e+10 0 0 0 0 0 0 0
0.000191095 7347.99 7347.99 7347.99 7352.07 2.60908e+10 0 0 0 0 0 0 0
0.000220673 8568.95 8568.95 8568.95 8573.07 2.09542e+10 0 0 0 0 0 0 0
0.00025483 10031.6 10031.6 10031.6 10035.7 1.67933e+10 0 0 0 0 0 0 0
0.000294273 11787.9 11787.9 11787.9 11792.2 1.34306e+10 0 0 0 0 0 0 0
0.000339821 13901.8 13901.8 13901.8 13906.1 1.07193e+10 0 0 0 0 0 0 0
0.000392419 16451.3 16451.3 16451.3 16455.7 8.53822e+09 0 0 0 0 0 0 0
0.000453158 19532.2 19532.2 19532.2 19536.8 6.78759e+09 0 0 0 0 0 0 0
0.000523299 23262.1 23262.1 23262.1 23266.8 5.38557e+09 0 0 0 0 0 0 0
0.000604296 27785 27785 27785 27789.8 4.26515e+09 0 0 0 0 0 0 0
0.000697831 33277.9 33277.9 33277.9 33282.9 3.37167e+09 0 0 0 0 0 0 0
0.000805842 39958 39958 39958 39963.3 2.66063e+09 0 0 0 0 0 0 0
0.000930572 48092.3 48092.3 48092.3 48097.8 2.09591e+09 0 0 0 0 0 0 0
0.00107461 58008.4 58008.4 58008.4 58014.1 1.64827e+09 0 0 0 0 0 0 0
0.00124094 70109 70109 70109 70115 1.29411e+09 0 0 0 0 0 0 0
0.00143301 84889.2 84889.2 84889.2 84895.4 1.01442e+09 0 0 0 0 0 0 0
0.00165482 102957 102957 102957 102964 7.93949e+08 0 0 0 0 0 0 0
0.00191095 125060 125060 125060 125067 6.20449e+08 0 0 0 0 0 0 0
0.00220673 152119 152119 152119 152126 4.84145e+08 0 0 0 0 0 0 0
0.0025483 185262 185262 185262 185269 3.77237e+08 0 0 0 0 0 0 0
0.00294273 225880 225880 225880 225888 2.93521e+08 0 0 0 0 0 0 0
0.00339821 275681 275681 275681 275690 2.28066e+08 0 0 0 0 0 0 0
0.00392419 336770 336770 336770 336779 1.76966e+08 0 0 0 0 0 0 0
0.00453158 411730 411730 411730 411739 1.37132e+08 0 0 0 0 0 0 0
0.00523299 503742 503742 503742 503753 1.06125e+08 0 0 0 0 0 0 0
0.00604296 616721 616721 616721 616732 8.20222e+07 0 0 0 0 0 0 0
0.00697831 755479 755479 755479 755491 6.33129e+07 0 0 0 0 0 0 0
0.00805842 925942 925942 925942 925954 4.88098e+07 0 0 0 0 0 0 0
0.00930572 1.1354e+06 1.1354e+06 1.1354e+06 1.13541e+06 3.75821e+07 0 0 0 0 0 0 0
0.0107461 1.39282e+06 1.39282e+06 1.39282e+06 1.39283e+06 2.89015e+07 0 0 0 0 0 0 0
0.0124094 1.70924e+06 1.70924e+06 1.70924e+06 1.70925e+06 2.2199e+07 0 0 0 0 0 0 0
0.0143301 2.09764e+06 2.09764e+06 2.09764e+06 2.09765e+06 1.70302e+07 0 0 0 0 0 0 0
0.0165482 2.56034e+06 2.56034e+06 2.56034e+06 2.56035e+06 1.30494e+07 0 0 0 0 0 0 0
0.0191095 3.03002e+06 3.03002e+06 3.03002e+06 3.03004e+06 9.98724e+06 0 0 0 0 0 0 0
0.0220673 3.34258e+06 3.34258e+06 3.34258e+06 3.3426e+06 7.63467e+06 0 0 0 0 0 0 0
0.025483 3.36764e+06 3.36764e+06 3.36764e+06 3.36765e+06 5.82947e+06 0 0 0 0 0 0 0
0.0294273 3.11826e+06 3.11826e+06 3.11826e+06 3.11827e+06 4.44596e+06 0 0 0 0 0 0 0
0.0339821 2.70347e+06 2.70347e+06 2.70347e+06 2.70348e+06 3.3869e+06 0 0 0 0 0 0 0
0.0392419 2.23685e+06 2.23685e+06 2.23685e+06 2.23685e+06 2.57718e+06 0 0 0 0 0 0 0
0.0453158 1.79316e+06 1.79316e+06 1.79316e+06 1.79317e+06 1.95882e+06 0 0 0 0 0 0 0
0.0523299 1.40777e+06 1.40777e+06 1.40777e+06 1.40777e+06 1.48715e+06 0 0 0 0 0 0 0
0.0604296 1.09017e+06 1.09017e+06 1.09017e+06 1.09017e+06 1.1278e+06 0 0 0 0 0 0 0
0.0697831 836626 836626 836626 836627 854331 0 0 0 0 0 0 0
0.0805842 638180 638180 638180 638181 646463 0 0 0 0 0 0 0
0.0930572 484781 484781 484781 484782 488639 0 0 0 0 0 0 0
0.107461 367156 367156 367156 367156 368946 0 0 0 0 0 0 0
0.124094 277446 277446 277446 277446 278275 0 0 0 0 0 0 0
0.143301 209282 209282 209282 209282 209664 0 0 0 0 0 0 0
0.165482 157629 157629 157629 157629 157805 0 0 0 0 0 0 0
0.191095 118569 118569 118569 118569 118650 0 0 0 0 0 0 0
0.220673 89082.1 89082.1 89082.1 89082.1 89119.1 0 0 0 0 0 0 0
0.25483 66854 66854 66854 66854.1 66871 0 0 0 0 0 0 0
0.294273 50119.6 50119.6 50119.6 50119.6 50127.3 0 0 0 0 0 0 0
0.339821 37536 37536 37536 37536 37539.5 0 0 0 0 0 0 0
0.392419 28084.3 28084.3 28084.3 28084.3 28085.9 0 0 0 0 0 0 0
0.453158 20992.7 20992.7 20992.7 20992.7 20993.4 0 0 0 0 0 0 0
0.523299 15677.3 15677.3 15677.3 15677.3 15677.7 0 0 0 0 0 0 0
0.604296 11697.4 11697.4 11697.4 11697.4 11697.5 0 0 0 0 0 0 0
0.697831 8720.2 8720.2 8720.2 8720.2 8720.27 0 0 0 0 0 0 0
0.805842 6495.3 6495.3 6495.3 6495.3 6495.36 0 0 0 0 0 0 0
0.930572 4834.19 4834.19 4834.19 4834.19 4834.21 0 0 0 0 0 0 0
1.07461 3595.09 3595.09 3595.09 3595.09 3595.1 0 0 0 0 0 0 0
1.24094 2671.61 2671.61 2671.61 2671.61 2671.62 0 0 0 0 0 0 0
1.43301 1983.94 1983.94 1983.94 1983.94 1983.94 0 0 0 0 0 0 0
1.65482 1472.29 1472.29 1472.29 1472.29 1472.3 0 0 0 0 0 0 0
1.91095 1091.91 1091.91 1091.91 1091.91 1091.91 0 0 0 0 0 0 0
2.20673 809.349 809.349 809.349 809.349 809.35 0 0 0 0 3392.05 0 0
2.5483 599.589 599.589 599.589 599.589 599.589 0 0 0 0 2532.26 0 0
2.94273 443.979 443.979 443.979 443.979 443.979 0 0 0 0 1996.92 0 0
3.39821 328.615 328.615 328.615 328.615 328.615 0 0 0 0 1635.04 0 0
3.92419 243.138 243.138 243.138 243.138 243.138 0 0 0 0 1124.61 0 0
4.53158 179.838 179.838 179.838 179.838 179.838 0 0 0 0 727.997 0 0
5.23299 132.985 132.985 132.985 132.985 132.985 0 0 0 0 489.341 0 0
6.04296 98.3211 98.3211 98.3211 98.3211 98.3211 0 0 0 0 362.162 0 0
6.97831 72.6846 72.6846 72.6846 72.6846 72.6846 0 0 0 0 275.699 0 0
8.05842 53.7301 53.7301 53.7301 53.7301 53.7301 0 0 0 0 203.832 0 0
9.30572 39.7191 39.7191 39.7191 39.7191 39.7191 0 0 0 0 143.944 0 0
10.7461 29.3644 29.3644 29.3644 29.3644 29.3644 0 0 0 0 81.4723 0 0
12.4094 21.7124 21.7124 21.7124 21.7124 21.7124 0 0 0 0 43.1225 0 0
14.3301 16.0582 16.0582 16.0582 16.0582 16.0582 0 0 0 0 23.8551 0 0
16.5482 11.88 11.88 11.88 11.88 11.88 0 0 0 0 13.3338 0 0
19.1095 8.79237 8.79237 8.79237 8.79237 8.79237 0 0 0 0 7.42752 0 0
22.0673 6.51006 6.51006 6.51006 6.51006 6.51006 0 0 0 0 4.13745 0 0
25.483 4.82278 4.82278 4.82278 4.82278 4.82278 0 0 0 0 2.20924 0 0
29.4273 3.57484 3.57484 3.57484 3.57484 3.57484 0 0 0 0 1.15013 0 0
33.9821 2.6516 2.6516 2.6516 2.6516 2.6516 0 0 0 0 0.901601 0 0
39.2419 1.96815 1.96815 1.96815 1.96815 1.96815 0 0 0 0 0.706774 0 0
45.3158 1.46202 1.46202 1.46202 1.46202 1.46202 0 0 0 0 0.554047 0 0
52.3299 1.08691 1.08691 1.08691 1.08691 1.08691 0 0 0 0 0.434321 0 0
60.4296 0.808771 0.808771 0.808771 0.808771 0.808771 0 0 0 0 0.340467 0 0
69.7831 0.60233 0.60233 0.60233 0.60233 0.60233 0 0 0 0 0.266894 0 0
80.5842 0.449025 0.449025 0.449025 0.449025 0.449025 0 0 0 0 0.209219 0 0
93.0572 0.335047 0.335047 0.335047 0.335047 0.335047 0 0 0 0 0.164007 0 0
107.461 0.25026 0.25026 0.25026 0.25026 0.25026 0 0 0 0 0.128565 0 0
124.094 0.187105 0.187105 0.187105 0.187105 0.187105 0 0 0 0 0.100782 0 0
143.301 0.140036 0.140036 0.140036 0.140036 0.140036 0 0 0 0 0.0790025 0 0
165.482 0.104906 0.104906 0.104906 0.104906 0.104906 0 0 0 0 0.0619293 0 0
191.095 0.0786715 0.0786715 0.0786715 0.0786715 0.0786715 0 0 0 0 0.0485455 0 0
220.673 0.059051 0.059051 0.059051 0.059051 0.059051 0 0 0 0 0.038054 0 0
254.83 0.0443693 0.0443693 0.0443693 0.0443693 0.0443693 0 0 0 0 0.0298297 0 0
294.273 0.0333661 0.0333661 0.0333661 0.0333661 0.0333661 0 0 0 0 0.0233826 0 0
339.821 0.0251161 0.0251161 0.0251161 0.0251161 0.0251161 0 0 0 0 0.0183288 0 0
392.419 0.0189206 0.0189206 0.0189206 0.0189206 0.0189206 0 0 0 0 0.0143672 0 0
453.158 0.0142663 0.0142663 0.0142663 0.0142663 0.0142663 0 0 0 0 0.0112617 0 0
523.299 0.0107643 0.0107643 0.0107643 0.0107643 0.0107643 0 0 0 0 0.00882729 0 0
604.296 0.00812879 0.00812879 0.00812879 0.00812879 0.00812879 0 0 0 0 0.00691905 0 0
697.831 0.00614214 0.00614214 0.00614214 0.00614214 0.00614214 0 0 0 0 0.00542321 0 0
805.842 0.00464454 0.00464454 0.00464454 0.00464454 0.00464454 0 0 0 0 0.00425068 0 0
930.572 0.00351381 0.00351381 0.00351381 0.00351381 0.00351381 0 0 0 0 0.00333157 0 0
1074.61 0.00266017 0.00266017 0.00266017 0.00266017 0.00266017 0 0 0 0 0.00261113 0 0
1240.94 0.0020147 0.0020147 0.0020147 0.0020147 0.0020147 0 0 0 0 0.00204641 0 0
1433.01 0.00152676 0.00152676 0.00152676 0.00152676 0.00152676 0 0 0 0 0.00160376 0 0
1654.82 0.00115734 0.00115734 0.00115734 0.00115734 0.00115734 0 0 0 0 0.00125681 0 0
1910.95 0.000877769 0.000877769 0.000877769 0.000877769 0.000877769 0 0 0 0 0.000984864 0 0
2206.73 0.000665872 0.000665872 0.000665872 0.000665872 0.000665872 0 0 0 0 0.000771714 0 0
2548.3 0.000505356 0.000505356 0.000505356 0.000505356 0.000505356 0 0 0 0 0.000604654 0 0
2942.73 0.000383584 0.000383584 0.000383584 0.000383584 0.000383584 0 0 0 0 0.000473721 0 0
3398.21 0.000291265 0.000291265 0.000291265 0.000291265 0.000291265 0 0 0 0 0.000371107 0 0
3924.19 0.000221177 0.000221177 0.000221177 0.000221177 0.000221177 0 0 0 0 0.000290689 0 0
4531.58 0.000168006 0.000168006 0.000168006 0.000168006 0.000168006 0 0 0 0 0.000227667 0 0
5232.99 0.000127674 0.000127674 0.000127674 0.000127674 0.000127674 0 0 0 0 0.000178282 0 0
6042.96 9.70166e-05 9.70166e-05 9.70166e-05 9.70166e-05 9.70166e-05 0 0 0 0 0.000139585 0 0
6978.31 7.37163e-05 7.37163e-05 7.37163e-05 7.37163e-05 7.37163e-05 0 0 0 0 0.000109266 0 0
8058.42 5.60246e-05 5.60246e-05 5.60246e-05 5.60246e-05 5.60246e-05 0 0 0 0 8.5512e-05 0 0
9305.72 4.25739e-05 4.25739e-05 4.25739e-05 4.25739e-05 4.25739e-05 0 0 0 0 6.69025e-05 0 0
10746.1 3.23583e-05 3.23583e-05 3.23583e-05 3.23583e-05 3.23583e-05 0 0 0 0 5.23239e-05 0 0
12409.4 2.45899e-05 2.45899e-05 2.45899e-05 2.45899e-05 2.45899e-05 0 0 0 0 4.09076e-05 0 0
14330.1 1.8689e-05 1.8689e-05 1.8689e-05 1.8689e-05 1.8689e-05 0 0 0 0 3.19675e-05 0 0
16548.2 1.42014e-05 1.42014e-05 1.42014e-05 1.42014e-05 1.42014e-05 0 0 0 0 2.49672e-05 0 0
19109.5 1.07925e-05 1.07925e-05 1.07925e-05 1.07925e-05 1.07925e-05 0 0 0 0 1.94868e-05 0 0
22067.3 8.20016e-06 8.20016e-06 8.20016e-06 8.20016e-06 8.20016e-06 0 0 0 0 1.51976e-05 0 0
25483 6.23118e-06 6.23118e-06 6.23118e-06 6.23118e-06 6.23118e-06 0 0 0 0 1.18415e-05 0 0
29427.3 4.73407e-06 4.73407e-06 4.73407e-06 4.73407e-06 4.73407e-06 0 0 0 0 9.2163e-06 0 0
33982.1 3.59718e-06 3.59718e-06 3.59718e-06 3.59718e-06 3.59718e-06 0 0 0 0 7.16324e-06 0 0
39241.9 2.73297e-06 2.73297e-06 2.73297e-06 2.73297e-06 2.73297e-06 0 0 0 0 5.55853e-06 0 0
45315.8 2.07688e-06 2.07688e-06 2.07688e-06 2.07688e-06 2.07688e-06 0 0 0 0 4.30501e-06 0 0
52329.9 1.57829e-06 1.57829e-06 1.57829e-06 1.57829e-06 1.57829e-06 0 0 0 0 3.32649e-06 0 0
60429.6 1.19987e-06 1.19987e-06 1.19987e-06 1.19987e-06 1.19987e-06 0 0 0 0 2.56326e-06 0 0
69783.1 9.12355e-07 9.12355e-07 9.12355e-07 9.12355e-07 9.12355e-07 0 0 0 0 1.96834e-06 0 0
80584.2 6.94155e-07 6.94155e-07 6.94155e-07 6.94155e-07 6.94155e-07 0 0 0 0 1.50545e-06 0 0
93057.2 5.28371e-07 5.28371e-07 5.28371e-07 5.28371e-07 5.28371e-07 0 0 0 0 1.1459e-06 0 0
107461 4.02524e-07 4.02524e-07 4.02524e-07 4.02524e-07 4.02524e-07 0 0 0 0 8.67259e-07 0 0
124094 3.06867e-07 3.06867e-07 3.06867e-07 3.06867e-07 3.06867e-07 0 0 0 0 6.51876e-07 0 0
143301 2.34199e-07 2.34199e-07 2.34199e-07 2.34199e-07 2.34199e-07 0 0 0 0 4.85953e-07 0 0
165482 1.78907e-07 1.78907e-07 1.78907e-07 1.78907e-07 1.78907e-07 0 0 0 0 3.58808e-07 0 0
191095 1.36846e-07 1.36846e-07 1.36846e-07 1.36846e-07 1.36846e-07 0 0 0 0 2.6196e-07 0 0
220673 1.04789e-07 1.04789e-07 1.04789e-07 1.04789e-07 1.04789e-07 0 0 0 0 1.88743e-07 0 0
254830 8.03545e-08 8.03545e-08 8.03545e-08 8.03545e-08 8.03545e-08 0 0 0 0 1.33869e-07 0 0
294273 6.1691e-08 6.1691e-08 6.1691e-08 6.1691e-08 6.1691e-08 0 0 0 0 9.32274e-08 0 0
339821 4.74297e-08 4.74297e-08 4.74297e-08 4.74297e-08 4.74297e-08 0 0 0 0 6.35726e-08 0 0
392419 3.65084e-08 3.65084e-08 3.65084e-08 3.65084e-08 3.65084e-08 0 0 0 0 4.23064e-08 0 0
453158 2.814e-08 2.814e-08 2.814e-08 2.814e-08 2.814e-08 0 0 0 0 2.73712e-08 0 0
523299 2.17135e-08 2.17135e-08 2.17135e-08 2.17135e-08 2.17135e-08 0 0 0 0 1.7126e-08 0 0
604296 1.67749e-08 1.67749e-08 1.67749e-08 1.67749e-08 1.67749e-08 0 0 0 0 1.03155e-08 0 0
697831 1.29715e-08 1.29715e-08 1.29715e-08 1.29715e-08 1.29715e-08 0 0 0 0 5.94732e-09 0 0
805842 1.00402e-08 1.00402e-08 1.00402e-08 1.00402e-08 1.00402e-08 0 0 0 0 3.2602e-09 0 0
930572 7.77637e-09 7.77637e-09 7.77637e-09 7.77637e-09 7.77637e-09 0 0 0 0 1.6859e-09 0 0
1.07461e+06 6.02685e-09 6.02685e-09 6.02685e-09 6.02685e-09 6.02685e-09 0 0 0 0 8.13696e-10 0 0
1.24094e+06 4.67226e-09 4.67226e-09 4.67226e-09 4.67226e-09 4.67226e-09 0 0 4.97595e-23 0 3.6329e-10 0 0
1.43301e+06 3.62286e-09 3.62286e-09 3.62286e-09 3.62286e-09 3.62286e-09 0 0 6.8896e-23 0 1.48266e-10 0 0
1.65482e+06 2.80862e-09 2.80862e-09 2.80862e-09 2.80862e-09 2.80862e-09 0 0 9.22258e-23 0 5.45603e-11 0 0
1.91095e+06 2.17666e-09 2.17666e-09 2.17666e-09 2.17666e-09 2.17666e-09 0 0 1.22928e-22 0 1.77964e-11 0 0
2.20673e+06 1.68566e-09 1.68566e-09 1.68566e-09 1.68566e-09 1.68566e-09 0 0 1.56149e-22 0 5.04313e-12 0 0
2.5483e+06 1.30424e-09 1.30424e-09 1.30424e-09 1.30424e-09 1.30424e-09 0 0 1.9875e-22 0 1.21811e-12 0 0
2.94273e+06 1.0078e-09 1.0078e-09 1.0078e-09 1.0078e-09 1.0078e-09 0 0 2.43923e-22 0 2.44746e-13 0 0
3.39821e+06 7.77588e-10 7.77588e-10 7.77588e-10 7.77588e-10 7.77588e-10 0 0 2.97395e-22 0 3.97747e-14 0 0
3.92419e+06 5.98834e-10 5.98834e-10 5.98834e-10 5.98834e-10 5.98834e-10 0 0 3.52765e-22 0 5.0383e-15 0 0
4.53158e+06 4.60223e-10 4.60223e-10 4.60223e-10 4.60223e-10 4.60223e-10 0 0 4.18335e-22 0 4.79169e-16 0 0
5.23299e+06 3.52839e-10 3.52839e-10 3.52839e-10 3.52839e-10 3.52839e-10 0 0 4.82809e-22 0 3.28476e-17 0 0
6.04296e+06 2.6981e-10 2.6981e-10 2.6981e-10 2.6981e-10 2.6981e-10 0 0 5.60453e-22 0 1.54403e-18 0 0
6.97831e+06 2.05715e-10 2.05715e-10 2.05715e-10 2.05715e-10 2.05715e-10 0 0 6.32206e-22 0 4.6988e-20 0 0
8.05842e+06 1.56363e-10 1.56363e-10 1.56363e-10 1.56363e-10 1.56363e-10 0 0 7.14844e-22 0 0 0 0
9.30572e+06 1.1845e-10 1.1845e-10 1.1845e-10 1.1845e-10 1.1845e-10 0 0 7.91768e-22 0 0 0 0
1.07461e+07 8.94135e-11 8.94135e-11 8.94135e-11 8.94135e-11 8.94135e-11 0 0 8.77429e-22 0 0 0 0
1.24094e+07 6.724e-11 6.724e-11 6.724e-11 6.724e-11 6.724e-11 0 0 9.54762e-22 0 0 0 0
1.43301e+07 5.03681e-11 5.03681e-11 5.03681e-11 5.03681e-11 5.03681e-11 0 0 1.04535e-21 0 0 0 0
1.65482e+07 3.75739e-11 3.75739e-11 3.75739e-11 3.75739e-11 3.75739e-11 0 0 1.12174e-21 0 0 0 0
1.91095e+07 2.79109e-11 2.79109e-11 2.79109e-11 2.79109e-11 2.79109e-11 0 0 1.21137e-21 0 0 0 0
2.20673e+07 2.0641e-11 2.0641e-11 2.0641e-11 2.0641e-11 2.0641e-11 0 0 1.28703e-21 0 0 0 0
2.5483e+07 1.51957e-11 1.51957e-11 1.51957e-11 1.51957e-11 1.51957e-11 0 0 1.37004e-21 0 0 0 0
2.94273e+07 1.11343e-11 1.11343e-11 1.11343e-11 1.11343e-11 1.11343e-11 0 0 1.43661e-21 0 0 0 0
3.39821e+07 8.11956e-12 8.11956e-12 8.11956e-12 8.11956e-12 8.11956e-12 0 0 1.51955e-21 0 0 0 0
3.92419e+07 5.89197e-12 5.89197e-12 5.89197e-12 5.89197e-12 5.89197e-12 0 0 1.58124e-21 0 0 0 0
4.53158e+07 4.25426e-12 4.25426e-12 4.25426e-12 4.25426e-12 4.25426e-12 0 0 1.6577e-21 0 0 0 0
5.23299e+07 3.05612e-12 3.05612e-12 3.05612e-12 3.05612e-12 3.05612e-12 0 9.70962e-22 1.71596e-21 0 0 0 0
6.04296e+07 2.18415e-12 2.18415e-12 2.18415e-12 2.18415e-12 2.18415e-12 0 6.18266e-20 1.78442e-21 0 0 0 0
6.97831e+07 1.55281e-12 1.55281e-12 1.55281e-12 1.55281e-12 1.55281e-12 0 9.38595e-20 1.83904e-21 0 0 0 0
8.05842e+07 1.09818e-12 1.09818e-12 1.09818e-12 1.09818e-12 1.09818e-12 0 9.81348e-20 1.89661e-21 0 0 0 0
9.30572e+07 7.72528e-13 7.72528e-13 7.72528e-13 7.72528e-13 7.72528e-13 0 1.01927e-19 1.93675e-21 0 0 0 0
1.07461e+08 5.40558e-13 5.40558e-13 5.40558e-13 5.40558e-13 5.40558e-13 8.15166e-21 1.05737e-19 1.99585e-21 0 0 18.1567 0
1.24094e+08 3.76221e-13 3.76221e-13 3.76221e-13 3.76221e-13 3.76221e-13 5.82309e-20 1.09123e-19 2.03332e-21 0 0 15.9509 0
1.43301e+08 2.60449e-13 2.60449e-13 2.60449e-13 2.60449e-13 2.60449e-13 7.23172e-20 1.12124e-19 2.08315e-21 0 0 14.0132 0
1.65482e+08 1.79342e-13 1.79342e-13 1.79342e-13 1.79342e-13 1.79342e-13 7.48333e-20 1.14766e-19 2.11903e-21 0 0 12.3108 0
1.91095e+08 1.22841e-13 1.22841e-13 1.22841e-13 1.22841e-13 1.22841e-13 7.6821e-20 1.17054e-19 2.16071e-21 0 0 10.8152 0
2.20673e+08 8.36984e-14 8.36984e-14 8.36984e-14 8.36984e-14 8.36984e-14 7.84872e-20 1.19114e-19 2.19475e-21 0 0 9.50137 0
2.5483e+08 5.67335e-14 5.67335e-14 5.67335e-14 5.67335e-14 5.67335e-14 7.99131e-20 1.20995e-19 2.22655e-21 0 0 8.34711 0
2.94273e+08 3.82604e-14 3.82604e-14 3.82604e-14 3.82604e-14 3.82604e-14 8.09016e-20 1.22442e-19 2.24687e-21 0 0 7.33308 0
3.39821e+08 2.56741e-14 2.56741e-14 2.56741e-14 2.56741e-14 2.56741e-14 8.1475e-20 1.2343e-19 2.28346e-21 0 0 6.72645 0
3.92419e+08 1.71455e-14 1.71455e-14 1.71455e-14 1.71455e-14 1.71455e-14 8.16484e-20 1.23931e-19 2.30416e-21 0 0 6.44223 0
4.53158e+08 1.13968e-14 1.13968e-14 1.13968e-14 1.13968e-14 1.13968e-14 8.14329e-20 1.2392e-19 2.3327e-21 0 0 6.17001 0
5.23299e+08 7.54237e-15 7.54237e-15 7.54237e-15 7.54237e-15 7.54237e-15 8.08437e-20 1.23379e-19 2.35497e-21 0 0 5.9093 0
6.04296e+08 4.97086e-15 4.97086e-15 4.97086e-15 4.97086e-15 4.97086e-15 8.00688e-20 1.22295e-19 2.37691e-21 0 0 5.65961 0
6.97831e+08 3.26384e-15 3.26384e-15 3.26384e-15 3.26384e-15 3.26384e-15 7.89063e-20 1.20667e-19 2.38607e-21 0 0 5.42046 0
8.05842e+08 2.13573e-15 2.13573e-15 2.13573e-15 2.13573e-15 2.13573e-15 7.73765e-20 1.18505e-19 2.41381e-21 0 0 5.19142 0
9.30572e+08 1.39357e-15 1.39357e-15 1.39357e-15 1.39357e-15 1.39357e-15 7.5505e-20 1.15833e-19 2.42408e-21 0 0 4.97206 0
1.07461e+09 9.07191e-16 9.07191e-16 9.07191e-16 9.07191e-16 9.07191e-16 7.33229e-20 1.12685e-19 2.44569e-21 0 0 4.98998 0
1.24094e+09 5.8962e-16 5.8962e-16 5.8962e-16 5.8962e-16 5.8962e-16 7.08667e-20 1.09108e-19 2.45869e-21 0 0 5.24776 0
1.43301e+09 3.82875e-16 3.82875e-16 3.82875e-16 3.82875e-16 3.82875e-16 6.81769e-20 1.05157e-19 2.47324e-21 0 0 5.51885 0
1.65482e+09 2.4862e-16 2.4862e-16 2.4862e-16 2.4862e-16 2.4862e-16 6.52971e-20 1.00896e-19 2.48998e-21 0 0 5.80395 0
1.91095e+09 1.61583e-16 1.61583e-16 1.61583e-16 1.61583e-16 1.61583e-16 6.22723e-20 9.63903e-20 2.49895e-21 0 0 6.10378 0
2.20673e+09 1.05207e-16 1.05207e-16 1.05207e-16 1.05207e-16 1.05207e-16 5.91474e-20 9.17085e-20 2.50143e-21 0 0 6.41909 0
2.5483e+09 6.86931e-17 6.86931e-17 6.86931e-17 6.86931e-17 6.86931e-17 5.59654e-20 8.69168e-20 2.52002e-21 0 0 6.7507 0
2.94273e+09 4.50139e-17 4.50139e-17 4.50139e-17 4.50139e-17 4.50139e-17 5.27666e-20 8.20777e-20 2.52648e-21 0 0 7.09943 0
3.39821e+09 2.96301e-17 2.96301e-17 2.96301e-17 2.96301e-17 2.96301e-17 4.95873e-20 7.72485e-20 2.53779e-21 0 0 7.46618 0
3.92419e+09 1.96019e-17 1.96019e-17 1.96019e-17 1.96019e-17 1.96019e-17 4.64592e-20 7.24796e-20 2.54805e-21 0 0 7.85188 0
4.53158e+09 1.30392e-17 1.30392e-17 1.30392e-17 1.30392e-17 1.30392e-17 4.34088e-20 6.78142e-20 2.55254e-21 0 0 8.2575 0
5.23299e+09 8.72273e-18 8.72273e-18 8.72273e-18 8.72273e-18 8.72273e-18 4.0458e-20 6.32953e-20 2.56752e-21 0 0 8.68408 0
6.04296e+09 5.86758e-18 5.86758e-18 5.86758e-18 5.86758e-18 5.86758e-18 3.76237e-20 5.8944e-20 2.56637e-21 0 0 9.13269 0
6.97831e+09 3.96807e-18 3.96807e-18 3.96807e-18 3.96807e-18 3.96807e-18 3.49181e-20 5.47782e-20 2.56691e-21 0 0 9.60448 0
8.05842e+09 2.69619e-18 2.69619e-18 2.69619e-18 2.69619e-18 2.69619e-18 3.23498e-20 5.08132e-20 2.57622e-21 0 0 10.1006 0
9.30572e+09 1.8397e-18 1.8397e-18 1.8397e-18 1.8397e-18 1.8397e-18 2.99235e-20 4.70584e-20 2.58066e-21 0 0 10.6224 0
1.07461e+10 1.25774e-18 1.25774e-18 1.25774e-18 1.25774e-18 1.25774e-18 2.76412e-20 4.35185e-20 2.58247e-21 0 0 11.9186 0
1.24094e+10 8.50935e-19 8.50935e-19 8.50935e-19 8.50935e-19 8.50935e-19 2.55024e-20 4.01944e-20 2.59098e-21 0 0 14.2675 0
1.43301e+10 5.60766e-19 5.60766e-19 5.60766e-19 5.60766e-19 5.60766e-19 2.35045e-20 3.70835e-20 2.58737e-21 0 0 17.0794 0
1.65482e+10 3.55036e-19 3.55036e-19 3.55036e-19 3.55036e-19 3.55036e-19 2.16436e-20 3.41807e-20 2.60611e-21 0 0 20.4455 0
1.91095e+10 2.14099e-19 2.14099e-19 2.14099e-19 2.14099e-19 2.14099e-19 1.99146e-20 3.14791e-20 2.61402e-21 0 0 24.4751 0
2.20673e+10 1.22819e-19 1.22819e-19 1.22819e-19 1.22819e-19 1.22819e-19 1.83114e-20 2.89704e-20 2.65727e-21 0 0 29.2987 34.7254
2.5483e+10 6.72637e-20 6.72637e-20 6.72637e-20 6.72637e-20 6.72637e-20 1.68278e-20 2.66452e-20 2.74724e-21 0 0 35.0731 22.9578
2.94273e+10 3.53534e-20 3.53534e-20 3.53534e-20 3.53534e-20 3.53534e-20 1.54569e-20 2.44938e-20 2.91314e-21 0 0 41.9854 15.5417
3.39821e+10 1.81672e-20 1.81672e-20 1.81672e-20 1.81672e-20 1.81672e-20 1.41919e-20 2.25059e-20 3.16564e-21 0 0 50.2601 10.7604
3.92419e+10 9.44011e-21 9.44012e-21 9.44012e-21 9.44012e-21 9.44012e-21 1.3026e-20 2.06714e-20 3.59171e-21 0 0 60.1657 7.61059
4.53158e+10 5.05525e-21 5.05527e-21 5.05527e-21 5.05527e-21 5.05527e-21 1.19525e-20 1.89803e-20 4.20497e-21 0 0 72.0234 5.49245
5.23299e+10 2.80491e-21 2.80493e-21 2.80493e-21 2.80493e-21 2.80493e-21 1.09648e-20 1.74227e-20 5.11189e-21 0 0 86.2181 4.04008
6.04296e+10 1.60582e-21 1.60584e-21 1.60584e-21 1.60584e-21 1.60584e-21 1.00568e-20 1.59891e-20 6.27587e-21 0 0 103.21 3.02568
6.97831e+10 9.38343e-22 9.38362e-22 9.38362e-22 9.38362e-22 9.38362e-22 8.70275e-21 1.39735e-20 7.81671e-21 0 0 123.552 2.3047
8.05842e+10 5.54249e-22 5.54267e-22 5.54267e-22 5.54267e-22 5.54267e-22 7.52639e-21 1.21983e-20 9.63827e-21 0 0 147.902 1.78376
9.30572e+10 3.30006e-22 3.30021e-22 3.30021e-22 3.30021e-22 3.30021e-22 6.50485e-21 1.06364e-20 1.18309e-20 0 0 177.051 1.40144
1.07461e+11 1.99257e-22 1.9927e-22 1.9927e-22 1.9927e-22 1.9927e-22 5.61813e-21 9.26329e-21 1.42755e-20 0 0 211.945 1.11671
1.24094e+11 1.22289e-22 1.22301e-22 1.22301e-22 1.22301e-22 1.22301e-22 4.84881e-21 8.05753e-21 1.71973e-20 0 0 253.716 0.901709
1.43301e+11 7.65951e-23 7.66048e-23 7.66048e-23 7.66048e-23 7.66048e-23 4.18168e-21 6.99981e-21 2.0219e-20 0 0 303.72 0.737233
1.65482e+11 5.04026e-23 5.04111e-23 5.04111e-23 5.04111e-23 5.04111e-23 3.60347e-21 6.07296e-21 2.37178e-20 0 0 363.579 0.609868
1.91095e+11 3.47281e-23 3.4736e-23 3.4736e-23 3.4736e-23 3.4736e-23 3.10263e-21 5.26175e-21 2.72449e-20 0 0 435.235 0.510106
2.20673e+11 2.48359e-23 2.48434e-23 2.48434e-23 2.48434e-23 2.48434e-23 2.66907e-21 4.55256e-21 3.08918e-20 0 0 521.013 0.431129
2.5483e+11 1.82973e-23 1.83045e-23 1.83045e-23 1.83045e-23 1.83045e-23 2.294e-21 3.93334e-21 3.39714e-20 0 0 623.697 0.367983
2.94273e+11 1.37999e-23 1.38069e-23 1.38069e-23 1.38069e-23 1.38069e-23 1.96975e-21 3.39335e-21 3.67484e-20 0 0 746.618 0.317029
3.39821e+11 1.06042e-23 1.06111e-23 1.06111e-23 1.06111e-23 1.06111e-23 1.68964e-21 2.92308e-21 3.83964e-20 0 0 0 0.275565
3.92419e+11 8.27246e-24 8.27929e-24 8.27929e-24 8.27929e-24 8.27929e-24 1.44785e-21 2.51407e-21 3.9577e-20 0 0 0 0.241562
4.53158e+11 6.53141e-24 6.53815e-24 6.53815e-24 6.53815e-24 6.53815e-24 1.23932e-21 2.15884e-21 3.93229e-20 0 0 0 0.213483
5.23299e+11 5.20685e-24 5.21346e-24 5.21346e-24 5.21346e-24 5.21346e-24 1.05961e-21 1.85076e-21 3.82789e-20 0 0 0 0.190154
6.04296e+11 4.18449e-24 4.1909e-24 4.1909e-24 4.1909e-24 4.1909e-24 9.04892e-22 1.58398e-21 3.63291e-20 0 0 0 0.170669
6.97831e+11 3.38423e-24 3.39037e-24 3.39037e-24 3.39037e-24 3.39037e-24 7.71816e-22 1.3533e-21 3.35799e-20 0 0 0 0.154323
8.05842e+11 2.75161e-24 2.75739e-24 2.75739e-24 2.75739e-24 2.75739e-24 6.57467e-22 1.15415e-21 3.03191e-20 0 0 0 0.140565
9.30572e+11 2.24652e-24 2.25188e-24 2.25188e-24 2.25188e-24 2.25188e-24 5.59313e-22 9.82506e-22 2.6876e-20 0 0 0 0.12896
1.07461e+12 1.84043e-24 1.84531e-24 1.84531e-24 1.84531e-24 1.84531e-24 4.75155e-22 8.3482e-22 2.30336e-20 0 0 0 0.119166
1.24094e+12 1.51199e-24 1.51636e-24 1.51636e-24 1.51636e-24 1.51636e-24 4.03081e-22 7.07959e-22 1.93837e-20 0 0 0 0.110908
1.43301e+12 1.24494e-24 1.2488e-24 1.2488e-24 1.2488e-24 1.2488e-24 3.41431e-22 5.99175e-22 1.57594e-20 0 0 0 0.103969
1.65482e+12 1.02665e-24 1.03001e-24 1.03001e-24 1.03001e-24 1.03001e-24 2.8876e-22 5.06067e-22 1.266e-20 0 0 0 0.098177
1.91095e+12 8.48016e-25 8.50921e-25 8.50921e-25 8.50921e-25 8.50921e-25 2.43822e-22 4.26534e-22 9.7569e-21 0 0 0 0.0933933
2.20673e+12 7.0102e-25 7.03502e-25 7.03502e-25 7.03502e-25 7.03502e-25 2.05538e-22 3.58719e-22 7.39672e-21 0 0 0 0.0895108
2.5483e+12 5.80181e-25 5.82289e-25 5.82289e-25 5.82289e-25 5.82289e-25 1.72965e-22 3.01009e-22 5.33593e-21 0 0 0 0.0864461
2.94273e+12 4.80466e-25 4.82252e-25 4.82252e-25 4.82252e-25 4.82252e-25 1.45293e-22 2.52002e-22 3.76833e-21 0 0 0 0.0841374
3.39821e+12 3.97979e-25 3.99494e-25 3.99494e-25 3.99494e-25 3.99494e-25 1.21823e-22 2.10483e-22 2.53004e-21 0 0 0 0.082541
3.92419e+12 3.29921e-25 3.31213e-25 3.31213e-25 3.31213e-25 3.31213e-25 1.0195e-22 1.75377e-22 1.62282e-21 0 0 0 0.08163
4.53158e+12 2.73615e-25 2.74723e-25 2.74723e-25 2.74723e-25 2.74723e-25 8.51497e-23 1.45755e-22 9.56143e-22 0 0 0 0.0813928
5.23299e+12 2.26994e-25 2.2795e-25 2.2795e-25 2.2795e-25 2.2795e-25 7.09708e-23 1.20828e-22 5.08435e-22 0 0 0 0.0818329
6.04296e+12 1.88373e-25 1.892e-25 1.892e-25 1.892e-25 1.892e-25 5.90288e-23 9.99059e-23 2.27148e-22 0 0 0 0.0829683
6.97831e+12 1.564e-25 1.57118e-25 1.57118e-25 1.57118e-25 1.57118e-25 4.8991e-23 8.23828e-23 7.70362e-23 0 0 0 0.0848322
8.05842e+12 1.2999e-25 1.30616e-25 1.30616e-25 1.30616e-25 1.30616e-25 4.05686e-23 6.77415e-23 1.74882e-23 0 0 0 0.0874729
9.30572e+12 1.08155e-25 1.08703e-25 1.08703e-25 1.08703e-25 1.08703e-25 3.35142e-23 5.55469e-23 2.50393e-24 0 0 0 0.0909553
1.07461e+13 9.01039e-26 9.05892e-26 9.05892e-26 9.05892e-26 9.05892e-26 2.76227e-23 4.54236e-23 3.25597e-25 0 0 0 0.0953611
1.24094e+13 7.51844e-26 7.56206e-26 7.56206e-26 7.56206e-26 7.56206e-26 2.27129e-23 3.70362e-23 1.84252e-25 0 0 0 0.10079
1.43301e+13 6.28488e-26 6.32508e-26 6.32508e-26 6.32508e-26 6.32508e-26 1.86292e-23 3.01058e-23 1.79445e-25 0 0 0 0.10736
1.65482e+13 5.26468e-26 5.30312e-26 5.30312e-26 5.30312e-26 5.30312e-26 1.52396e-23 2.4405e-23 1.79307e-25 0 0 0 0.115206
1.91095e+13 4.42075e-26 4.45941e-26 4.45941e-26 4.45941e-26 4.45941e-26 1.24367e-23 1.97319e-23 1.80351e-25 0 0 0 0.12448
2.20673e+13 3.72185e-26 3.7631e-26 3.7631e-26 3.7631e-26 3.7631e-26 1.01249e-23 1.59085e-23 1.80114e-25 0 0 0 0.135345
2.5483e+13 3.14114e-26 3.1878e-26 3.1878e-26 3.1878e-26 3.1878e-26 8.22154e-24 1.27872e-23 1.77552e-25 0 0 0 0.147968
2.94273e+13 2.65686e-26 2.71198e-26 2.71198e-26 2.71198e-26 2.71198e-26 6.65797e-24 1.02559e-23 1.75938e-25 0 0 0 0.162507
3.39821e+13 2.25287e-26 2.31896e-26 2.31896e-26 2.31896e-26 2.31896e-26 5.38117e-24 8.21112e-24 1.74948e-25 0 0 0 0.179093
3.92419e+13 1.91506e-26 1.99368e-26 1.99368e-26 1.99368e-26 1.99368e-26 4.34069e-24 6.55826e-24 1.71741e-25 0 0 0 0.197804
4.53158e+13 1.63167e-26 1.72318e-26 1.72318e-26 1.72318e-26 1.72318e-26 3.49383e-24 5.22396e-24 1.65845e-25 0 0 0 0.218621
5.23299e+13 1.3935e-26 1.49704e-26 1.49704e-26 1.49704e-26 1.49704e-26 2.80571e-24 4.15862e-24 1.60734e-25 0 0 0 0.241387
6.04296e+13 1.19498e-26 1.3088e-26 1.3088e-26 1.3088e-26 1.3088e-26 2.25186e-24 3.30838e-24 1.55078e-25 0 0 0 0.265741
6.97831e+13 1.02938e-26 1.15107e-26 1.15107e-26 1.15107e-26 1.15107e-26 1.80634e-24 2.62581e-24 1.46836e-25 0 0 0 0.291055
8.05842e+13 8.90103e-27 1.01728e-26 1.01728e-26 1.01728e-26 1.01728e-26 1.44738e-24 2.07799e-24 1.36391e-25 0 0 0 0.316368
9.30572e+13 7.70016e-27 9.02258e-27 9.02258e-27 9.02258e-27 9.02258e-27 1.15777e-24 1.6443e-24 1.26208e-25 0 0 0 0.340344
1.07461e+14 6.61119e-27 8.05674e-27 8.05674e-27 8.05674e-27 8.05674e-27 9.28416e-25 1.29972e-24 1.15592e-25 0 0 0 0
1.24094e+14 5.42253e-27 7.22663e-27 7.22663e-27 7.22663e-27 7.22663e-27 7.4509e-25 1.02163e-24 1.03225e-25 0 0 0 0
1.43301e+14 3.88101e-27 6.49307e-27 6.49307e-27 6.49307e-27 6.49307e-27 5.97207e-25 7.97232e-25 8.98937e-26 0 0 0 0
1.65482e+14 2.03691e-27 5.83657e-27 5.83657e-27 5.83657e-27 5.83657e-27 4.77773e-25 6.21088e-25 7.78638e-26 0 0 0 0
1.91095e+14 5.95238e-28 5.27224e-27 5.27224e-27 5.27224e-27 5.27224e-27 3.83471e-25 4.8073e-25 6.62513e-26 0 0 0 0
2.20673e+14 6.61032e-29 4.76367e-27 4.76367e-27 4.76367e-27 4.76367e-27 3.07458e-25 3.68694e-25 5.51808e-26 0 0 0 0
2.5483e+14 1.81878e-30 4.27973e-27 4.27973e-27 4.27973e-27 4.27973e-27 2.44887e-25 2.80857e-25 4.53499e-26 0 0 0 0
2.94273e+14 8.47882e-33 3.82026e-27 3.82026e-27 3.82026e-27 3.82026e-27 1.9367e-25 2.16143e-25 3.80328e-26 0 0 0 0
3.39821e+14 5.28951e-36 3.40904e-27 3.40904e-27 3.40904e-27 3.40904e-27 1.53061e-25 1.67993e-25 3.23202e-26 0 0 0 0
3.92419e+14 4.23878e-40 3.02027e-27 3.02027e-27 3.02027e-27 3.02027e-27 1.20066e-25 1.29752e-25 2.69854e-26 0 0 0 0
4.53158e+14 5.31947e-45 2.65101e-27 2.65101e-27 2.65101e-27 2.65101e-27 9.33033e-26 9.52854e-26 2.07464e-26 0 0 0 0
5.23299e+14 1.58288e-50 2.31005e-27 2.31005e-27 2.31005e-27 2.31005e-27 7.19806e-26 6.66744e-26 1.48787e-26 0 0 0 0
6.04296e+14 2.02107e-56 2.05254e-27 2.05254e-27 2.05254e-27 2.05254e-27 5.66337e-26 4.0829e-26 8.79158e-27 0 0 0 0
6.97831e+14 2.08188e-62 1.8383e-27 1.8383e-27 1.8383e-27 1.8383e-27 4.49239e-26 2.00635e-26 3.58451e-27 0 0 0 0
8.05842e+14 3.21065e-68 1.62054e-27 1.62054e-27 1.62054e-27 1.62054e-27 3.50873e-26 8.50115e-27 8.73917e-28 0 0 0 0
9.30572e+14 1.26157e-73 1.3435e-27 1.3435e-27 1.3435e-27 1.3435e-27 2.57828e-26 3.97046e-27 1.12228e-28 0 0 0 0
1.07461e+15 2.01347e-78 1.04522e-27 1.04522e-27 1.04522e-27 1.04522e-27 1.77892e-26 2.21052e-27 5.68523e-30 0 0 0 0
1.24094e+15 1.63893e-82 6.84093e-28 6.84093e-28 6.84093e-28 6.84093e-28 1.03321e-26 1.29039e-27 8.61155e-32 0 0 0 0
1.43301e+15 7.45938e-86 3.37733e-28 3.37733e-28 3.37733e-28 3.37733e-28 4.5302e-27 7.37453e-28 3.42495e-34 0 0 0 0
1.65482e+15 2.24434e-88 1.37978e-28 1.37978e-28 1.37978e-28 1.37978e-28 1.64513e-27 4.08452e-28 2.3967e-37 0 0 0 0
1.91095e+15 5.84053e-90 6.30752e-29 6.30752e-29 6.30752e-29 6.30752e-29 6.69305e-28 2.18481e-28 1.39196e-41 0 0 0 0
2.20673e+15 1.34164e-90 3.70438e-29 3.70438e-29 3.70438e-29 3.70438e-29 3.50305e-28 1.12442e-28 3.36227e-47 0 0 0 0
2.5483e+15 1.87383e-90 2.30201e-29 2.30201e-29 2.30201e-29 2.30201e-29 1.94342e-28 5.54429e-29 2.83549e-54 0 0 0 0
2.94273e+15 1.16863e-89 1.38173e-29 1.38173e-29 1.38173e-29 1.38173e-29 1.04282e-28 2.60617e-29 3.56149e-63 0 0 0 0
3.39821e+15 2.52904e-88 7.88902e-30 7.88902e-30 7.88902e-30 7.88902e-30 5.33416e-29 1.16077e-29 5.13031e-74 0 0 0 0
3.92419e+15 1.48019e-86 4.24776e-30 4.24776e-30 4.24776e-30 4.24776e-30 2.57793e-29 4.85982e-30 1.96112e-86 0 0 0 0
4.53158e+15 1.83543e-84 2.13214e-30 2.13214e-30 2.13214e-30 2.13214e-30 1.16408e-29 1.89173e-30 6.03962e-100 0 0 0 0
5.23299e+15 3.82844e-82 9.83284e-31 9.83284e-31 9.83284e-31 9.83284e-31 4.84147e-30 6.74258e-31 0 0 0 0 0
6.04296e+15 1.08502e-79 4.08775e-31 4.08775e-31 4.08775e-31 4.08775e-31 1.82015e-30 2.1554e-31 0 0 0 0 0
6.97831e+15 3.43765e-77 1.49404e-31 1.49404e-31 1.49404e-31 1.49404e-31 6.03375e-31 6.01598e-32 0 0 0 0 0
8.05842e+15 1.01881e-74 4.64322e-32 4.64322e-32 4.64322e-32 4.64322e-32 1.70626e-31 1.41693e-32 0 0 0 0 0
9.30572e+15 2.39728e-72 1.17451e-32 1.17451e-32 1.17451e-32 1.17451e-32 3.94056e-32 2.69675e-33 0 0 0 0 0
1.07461e+16 3.84142e-70 2.28576e-33 2.28576e-33 2.28576e-33 2.28576e-33 7.02726e-33 3.922e-34 0 0 0 0 0
1.24094e+16 3.61441e-68 3.18456e-34 3.18456e-34 3.18456e-34 3.18456e-34 9.00541e-34 4.0436e-35 0 0 0 0 0
1.43301e+16 1.70514e-66 2.87284e-35 2.87284e-35 2.87284e-35 2.87284e-35 7.50234e-35 2.6648e-36 0 0 0 0 0
1.65482e+16 3.41464e-65 1.48069e-36 1.48069e-36 1.48069e-36 1.48069e-36 3.58554e-36 9.98667e-38 0 0 0 0 0
1.91095e+16 2.36627e-64 3.65406e-38 3.65406e-38 3.65406e-38 3.65406e-38 8.23957e-38 1.88175e-39 0 0 0 0 0
2.20673e+16 4.24978e-64 3.28652e-40 3.28652e-40 3.28652e-40 3.28652e-40 6.93027e-40 1.44224e-41 0 0 0 0 0
2.5483e+16 1.50726e-64 8.26631e-43 8.26631e-43 8.26631e-43 8.26631e-43 1.63713e-42 3.32925e-44 0 0 0 0 0
2.94273e+16 5.85121e-66 3.2216e-46 3.2216e-46 3.2216e-46 3.2216e-46 6.01804e-46 1.23521e-47 0 0 0 0 0
3.39821e+16 1.18982e-68 9.25435e-51 9.25435e-51 9.25435e-51 9.25435e-51 1.63753e-50 3.41392e-52 0 0 0 0 0
3.92419e+16 6.23501e-73 9.54172e-57 9.54172e-57 9.54172e-57 9.54172e-57 1.60594e-56 3.40255e-58 0 0 0 0 0
4.53158e+16 7.73158e-79 3.19939e-64 3.19939e-64 3.19939e-64 3.19939e-64 5.14262e-64 1.10738e-65 0 0 0 0 0
5.23299e+16 9.97489e-87 1.51034e-73 1.51034e-73 1.51034e-73 1.51034e-73 2.3275e-73 5.09388e-75 0 0 0 0 0
6.04296e+16 1.33782e-96 9.86175e-85 9.86175e-85 9.86175e-85 9.86175e-85 1.46247e-84 3.25316e-86 0 0 0 0 0
6.97831e+16 5.10399e-108 2.39449e-97 2.39449e-97 2.39449e-97 2.39449e-97 3.42919e-97 7.75312e-99 0 0 0 0 0
8.05842e+16 0 0 0 0 0 0 0 0 0 0 0 0
9.30572e+16 0 0 0 0 0 0 0 0 0 0 0 0


