1.07461e-07 0.0343501 0.0343501 0.0343501 0.694452 1.58989e+12 0 0 0 0 0.120307 0 0
1.24094e-07 0.0575707 0.0575707 0.0575707 0.777864 1.40092e+12 0 0 0 0 0.138963 0 0
1.43301e-07 0.0911 0.0911 0.0911 0.868293 1.23006e+12 0 0 0 0 0.160517 0 0
1.65482e-07 0.137045 0.137045 0.137045 0.965542 1.07581e+12 0 0 0 0 0.185356 0 0
1.91095e-07 0.197146 0.197146 0.197146 1.06916 9.3682e+11 0 0 0 0 0.214077 0 0
2.20673e-07 0.272558 0.272558 0.272558 1.17842 8.11882e+11 0 0 0 0 0.247243 0 0
2.5483e-07 0.363685 0.363685 0.363685 1.29223 6.99902e+11 0 0 0 0 0.285503 0 0
2.94273e-07 0.470055 0.470055 0.470055 1.40917 5.99893e+11 0 0 0 0 0.329739 0 0
3.39821e-07 0.590282 0.590282 0.590282 1.52743 5.1096e+11 0 0 0 0 0.380823 0 0
3.92419e-07 0.722093 0.722093 0.722093 1.64495 4.32284e+11 0 0 0 0 0.439757 0 0
4.53158e-07 0.862454 0.862454 0.862454 1.75942 3.63112e+11 0 0 0 0 0.507791 0 0
5.23299e-07 1.0078 1.0078 1.0078 1.86855 3.02739e+11 0 0 0 0 0.586389 0 0
6.04296e-07 1.15435 1.15435 1.15435 1.97028 2.50496e+11 0 0 0 0 0.677223 0 0
6.97831e-07 1.29857 1.29857 1.29857 2.06317 2.05734e+11 0 0 0 0 0.781882 0 0
8.05842e-07 1.43769 1.43769 1.43769 2.14677 1.67814e+11 0 0 0 0 0.903007 0 0
9.30572e-07 1.57034 1.57034 1.57034 2.22216 1.36094e+11 0 0 0 0 1.04281 0 0
1.07461e-06 1.69703 1.69703 1.69703 2.29224 1.09926e+11 0 0 0 0 1.20412 0 0
1.24094e-06 1.82067 1.82067 1.82067 2.36212 8.86486e+10 0 0 0 0 1.39061 0 0
1.43301e-06 1.94669 1.94669 1.94669 2.439 7.15972e+10 0 0 0 0 1.6059 0 0
1.65482e-06 2.08277 2.08277 2.08277 2.53181 5.81103e+10 0 0 0 0 1.85434 0 0
1.91095e-06 2.23809 2.23809 2.23809 2.65036 4.75479e+10 0 0 0 0 2.14138 0 0
2.20673e-06 2.42213 2.42213 2.42213 2.80403 3.9312e+10 0 0 0 0 2.47281 0 0
2.5483e-06 2.64318 2.64318 2.64318 3.00046 3.28679e+10 0 0 0 0 2.85556 0 0
2.94273e-06 2.90705 2.90705 2.90705 3.2444 2.77624e+10 0 0 0 0 3.29763 0 0
3.39821e-06 3.21644 3.21644 3.21644 3.53725 2.36342e+10 0 0 0 0 3.80799 0 0
3.92419e-06 3.57117 3.57117 3.57117 3.87763 2.02146e+10 0 0 0 0 4.39731 0 0
4.53158e-06 3.96933 3.96933 3.96933 4.26266 1.73173e+10 0 0 0 0 5.07803 0 0
5.23299e-06 4.40891 4.40891 4.40891 4.68969 1.48217e+10 0 0 0 0 5.86395 0 0
6.04296e-06 4.8893 4.8893 4.8893 5.15781 1.2653e+10 0 0 0 0 6.77176 0 0
6.97831e-06 5.41229 5.41229 5.41229 5.66876 1.07643e+10 0 0 0 0 7.81951 0 0
8.05842e-06 5.98251 5.98251 5.98251 6.22724 9.12354e+09 0 0 0 0 9.03016 0 0
9.30572e-06 6.60745 6.60745 6.60745 6.84089 7.70492e+09 0 0 0 0 10.4283 0 0
1.07461e-05 7.29735 7.29735 7.29735 7.52008 6.48555e+09 0 0 0 0 12.0417 0 0
1.24094e-05 8.06511 8.06511 8.06511 8.27784 5.44363e+09 0 0 0 0 13.9056 0 0
1.43301e-05 8.92612 8.92612 8.92612 9.12965 4.55818e+09 0 0 0 0 16.0581 0 0
1.65482e-05 9.89812 9.89812 9.89812 10.0933 3.80917e+09 0 0 0 0 18.5441 0 0
1.91095e-05 11.0011 11.0011 11.0011 11.1887 3.17785e+09 0 0 0 0 21.4141 0 0
2.20673e-05 12.2575 12.2575 12.2575 12.4382 2.64706e+09 0 0 0 0 24.7275 0 0
2.5483e-05 13.6931 13.6931 13.6931 13.8678 2.20149e+09 0 0 0 0 28.5554 0 0
2.94273e-05 15.3386 15.3386 15.3386 15.5079 1.82786e+09 0 0 0 0 32.975 0 0
3.39821e-05 17.2317 17.2317 17.2317 17.3963 1.51483e+09 0 0 0 0 38.08 0 0
3.92419e-05 19.4191 19.4191 19.4191 19.5796 1.2529e+09 0 0 0 0 43.9738 0 0
4.53158e-05 21.9579 21.9579 21.9579 22.115 1.03406e+09 0 0 0 0 50.7744 0 0
5.23299e-05 24.9166 24.9166 24.9166 25.071 8.51599e+08 0 0 0 0 58.6401 0 0
6.04296e-05 28.3766 28.3766 28.3766 28.5287 6.99791e+08 0 0 0 0 67.7125 0 0
6.97831e-05 32.4342 32.4342 32.4342 32.5847 5.73769e+08 0 0 0 0 78.1991 0 0
8.05842e-05 37.206 37.206 37.206 37.3555 4.69382e+08 0 0 0 0 90.2976 0 0
9.30572e-05 42.834 42.834 42.834 42.983 3.83109e+08 0 0 0 0 104.28 0 0
0.000107461 49.4917 49.4917 49.4917 49.6407 3.11969e+08 0 0 0 0 120.413 0 0
0.000124094 57.3899 57.3899 57.3899 57.5395 2.53445e+08 0 0 0 0 139.055 0 0
0.000143301 66.7846 66.7846 66.7846 66.9354 2.05417e+08 0 0 0 0 160.576 0 0
0.000165482 77.9869 77.9869 77.9869 78.1393 1.66099e+08 0 0 0 0 185.432 0 0
0.000191095 91.3765 91.3765 91.3765 91.5311 1.33991e+08 0 0 0 0 214.138 0 0
0.000220673 107.418 107.418 107.418 107.575 1.07837e+08 0 0 0 0 247.279 0 0
0.00025483 126.678 126.678 126.678 126.839 8.65878e+07 0 0 0 0 285.551 0 0
0.000294273 149.853 149.853 149.853 150.018 6.93666e+07 0 0 0 0 329.756 0 0
0.000339821 177.795 177.795 177.795 177.964 5.54454e+07 0 0 0 0 380.798 0 0
0.000392419 211.549 211.549 211.549 211.724 4.42203e+07 0 0 0 0 439.726 0 0
0.000453158 252.4 252.4 252.4 252.58 3.51918e+07 0 0 0 0 507.812 0 0
0.000523299 301.928 301.928 301.928 302.115 2.7948e+07 0 0 0 0 586.449 0 0
0.000604296 362.076 362.076 362.076 362.27 2.215e+07 0 0 0 0 677.111 0 0
0.000697831 435.237 435.237 435.237 435.439 1.75204e+07 0 0 0 0 782.021 0 0
0.000805842 524.361 524.361 524.361 524.571 1.38322e+07 0 0 0 0 902.996 0 0
0.000930572 633.082 633.082 633.082 633.302 1.09006e+07 0 0 0 0 1042.81 0 0
0.00107461 765.886 765.886 765.886 766.116 8.57538e+06 0 0 0 0 1204.19 0 0
0.00124094 928.306 928.306 928.306 928.547 6.73496e+06 0 0 0 0 1390.57 0 0
0.00143301 1127.17 1127.17 1127.17 1127.43 5.28118e+06 0 0 0 0 1605.78 0 0
0.00165482 1370.92 1370.92 1370.92 1371.19 4.13499e+06 0 0 0 0 1854.34 0 0
0.00191095 1669.97 1669.97 1669.97 1670.25 3.23297e+06 0 0 0 0 2141.37 0 0
0.00220673 2037.19 2037.19 2037.19 2037.49 2.52432e+06 0 0 0 0 2472.81 0 0
0.0025483 2488.48 2488.48 2488.48 2488.8 1.9685e+06 0 0 0 0 2855.51 0 0
0.00294273 3043.52 3043.52 3043.52 3043.85 1.53323e+06 0 0 0 0 3297.53 0 0
0.00339821 3726.58 3726.58 3726.58 3726.94 1.19285e+06 0 0 0 0 3807.9 0 0
0.00392419 4567.73 4567.73 4567.73 4568.1 927051 0 0 0 0 4397.32 0 0
0.00453158 5604.1 5604.1 5604.1 5604.5 719756 0 0 0 0 5078.25 0 0
0.00523299 6881.63 6881.63 6881.63 6882.06 558286 0 0 0 0 5863.94 0 0
0.00604296 8457.15 8457.15 8457.15 8457.6 432654 0 0 0 0 6772.16 0 0
0.00697831 10400.9 10400.9 10400.9 10401.4 335012 0 0 0 0 7819.42 0 0
0.00805842 12799.9 12799.9 12799.9 12800.4 259200 0 0 0 0 9029.64 0 0
0.00930572 15761.6 15761.6 15761.6 15762.2 200393 0 0 0 0 10427.7 0 0
0.0107461 19412.6 19412.6 19412.6 19413.2 154819 0 0 0 0 12041.3 0 0
0.0124094 23775.1 23775.1 23775.1 23775.7 119529 0 0 0 0 13905.5 0 0
0.0143301 28221.8 28221.8 28221.8 28222.5 92224.3 0 0 0 0 15826.4 0 0
0.0165482 31251.4 31251.4 31251.4 31252 71113.9 0 0 0 0 14157.2 0 0
0.0191095 31668.1 31668.1 31668.1 31668.7 54804.3 0 0 0 0 8095.69 0 0
0.0220673 29557.8 29557.8 29557.8 29558.2 42212.1 0 0 0 0 3576.46 0 0
0.025483 25877.4 25877.4 25877.4 25877.8 32496.2 0 0 0 0 1568.61 0 0
0.0294273 21649.5 21649.5 21649.5 21649.8 25004.1 0 0 0 0 846.965 0 0
0.0339821 17566 17566 17566 17566.2 19230.3 0 0 0 0 611.68 0 0
0.0392419 13969 13969 13969 13969.1 14783 0 0 0 0 536.719 0 0
0.0453158 10964.9 10964.9 10964.9 10965 11359.3 0 0 0 0 507.824 0 0
0.0523299 8534.98 8534.98 8534.98 8535.03 8724.84 0 0 0 0 487.677 0 0
0.0604296 6607.72 6607.72 6607.72 6607.75 6698.73 0 0 0 0 465.804 0 0
0.0697831 5097.67 5097.67 5097.67 5097.7 5141.18 0 0 0 0 439.288 0 0
0.0805842 3923.59 3923.59 3923.59 3923.6 3944.34 0 0 0 0 409.975 0 0
0.0930572 3015.18 3015.18 3015.18 3015.19 3025.06 0 0 0 0 378.072 0 0
0.107461 2314.55 2314.55 2314.55 2314.56 2319.25 0 0 0 0 344.1 0 0
0.124094 1775.32 1775.32 1775.32 1775.32 1777.55 0 0 0 0 309.581 0 0
0.143301 1360.9 1360.9 1360.9 1360.9 1361.96 0 0 0 0 274.834 0 0
0.165482 1042.72 1042.72 1042.72 1042.72 1043.22 0 0 0 0 240.669 0 0
0.191095 798.611 798.611 798.611 798.613 798.85 0 0 0 0 207.554 0 0
0.220673 611.443 611.443 611.443 611.444 611.556 0 0 0 0 177.001 0 0
0.25483 467.998 467.998 467.998 467.999 468.052 0 0 0 0 148.786 0 0
0.294273 358.106 358.106 358.106 358.107 358.132 0 0 0 0 123.148 0 0
0.339821 273.948 273.948 273.948 273.948 273.96 0 0 0 0 100.307 0 0
0.392419 209.516 209.516 209.516 209.516 209.522 0 0 0 0 80.5758 0 0
0.453158 160.202 160.202 160.202 160.202 160.205 0 0 0 0 63.6904 0 0
0.523299 122.468 122.468 122.468 122.468 122.469 0 0 0 0 49.6285 0 0
0.604296 93.602 93.602 93.602 93.602 93.6026 0 0 0 0 38.2279 0 0
0.697831 71.525 71.525 71.525 71.525 71.5256 0 0 0 0 29.1022 0 0
0.805842 54.6446 54.6446 54.6446 54.6446 54.6449 0 0 0 0 21.9259 0 0
0.930572 41.7401 41.7401 41.7401 41.7401 41.7403 0 0 0 0 16.4161 0 0
1.07461 31.8771 31.8771 31.8771 31.8771 31.8772 0 0 0 0 12.286 0 0
1.24094 24.3403 24.3403 24.3403 24.3403 24.3403 0 0 0 0 9.22815 0 0
1.43301 18.5821 18.5821 18.5821 18.5821 18.5822 0 0 0 0 6.99114 0 0
1.65482 14.1837 14.1837 14.1837 14.1837 14.1837 0 0 0 0 5.36649 0 0
1.91095 10.8245 10.8245 10.8245 10.8245 10.8245 0 0 0 0 4.19254 0 0
2.20673 8.25954 8.25954 8.25954 8.25954 8.25954 0 0 0 0 3.33118 0 0
2.5483 6.30129 6.30129 6.30129 6.30129 6.30129 0 0 0 0 2.68668 0 0
2.94273 4.80652 4.80652 4.80652 4.80652 4.80652 0 0 0 0 2.19235 0 0
3.39821 3.66573 3.66573 3.66573 3.66573 3.66573 0 0 0 0 1.80215 0 0
3.92419 2.79524 2.79524 2.79524 2.79524 2.79524 0 0 0 0 1.48636 0 0
4.53158 2.13111 2.13111 2.13111 2.13111 2.13111 0 0 0 0 1.2259 0 0
5.23299 1.6245 1.6245 1.6245 1.6245 1.6245 0 0 0 0 1.00843 0 0
6.04296 1.23812 1.23812 1.23812 1.23812 1.23812 0 0 0 0 0.825917 0 0
6.97831 0.943482 0.943482 0.943482 0.943482 0.943482 0 0 0 0 0.672818 0 0
8.05842 0.718838 0.718838 0.718838 0.718838 0.718838 0 0 0 0 0.544946 0 0
9.30572 0.547589 0.547589 0.547589 0.547589 0.547589 0 0 0 0 0.438801 0 0
10.7461 0.417065 0.417065 0.417065 0.417065 0.417065 0 0 0 0 0.351318 0 0
12.4094 0.317598 0.317598 0.317598 0.317598 0.317598 0 0 0 0 0.279801 0 0
14.3301 0.24181 0.24181 0.24181 0.24181 0.24181 0 0 0 0 0.221807 0 0
16.5482 0.184075 0.184075 0.184075 0.184075 0.184075 0 0 0 0 0.175129 0 0
19.1095 0.1401 0.1401 0.1401 0.1401 0.1401 0 0 0 0 0.13784 0 0
22.0673 0.10661 0.10661 0.10661 0.10661 0.10661 0 0 0 0 0.108251 0 0
25.483 0.0811112 0.0811112 0.0811112 0.0811112 0.0811112 0 0 0 0 0.084899 0 0
29.4273 0.0616994 0.0616994 0.0616994 0.0616994 0.0616994 0 0 0 0 0.0665682 0 0
33.9821 0.0469244 0.0469244 0.0469244 0.0469244 0.0469244 0 0 0 0 0.0522301 0 0
39.2419 0.0356806 0.0356806 0.0356806 0.0356806 0.0356806 0 0 0 0 0.0410433 0 0
45.3158 0.0271257 0.0271257 0.0271257 0.0271257 0.0271257 0 0 0 0 0.0323264 0 0
52.3299 0.0206178 0.0206178 0.0206178 0.0206178 0.0206178 0 0 0 0 0.0255319 0 0
60.4296 0.0156682 0.0156682 0.0156682 0.0156682 0.0156682 0 0 0 0 0.0202285 0 0
69.7831 0.0119043 0.0119043 0.0119043 0.0119043 0.0119043 0 0 0 0 0.0160761 0 0
80.5842 0.00904277 0.00904277 0.00904277 0.00904277 0.00904277 0 0 0 0 0.0128138 0 0
93.0572 0.00686765 0.00686765 0.00686765 0.00686765 0.00686765 0 0 0 0 0.0102394 0 0
107.461 0.00521462 0.00521462 0.00521462 0.00521462 0.00521462 0 0 0 0 0.00819813 0 0
124.094 0.00395862 0.00395862 0.00395862 0.00395862 0.00395862 0 0 0 0 0.00657271 0 0
143.301 0.00300449 0.00300449 0.00300449 0.00300449 0.00300449 0 0 0 0 0.00527307 0 0
165.482 0.00227984 0.00227984 0.00227984 0.00227984 0.00227984 0 0 0 0 0.00423056 0 0
191.095 0.00172958 0.00172958 0.00172958 0.00172958 0.00172958 0 0 0 0 0.00339241 0 0
220.673 0.00131183 0.00131183 0.00131183 0.00131183 0.00131183 0 0 0 0 0.00271776 0 0
254.83 0.000994761 0.000994761 0.000994761 0.000994761 0.000994761 0 0 0 0 0.00217452 0 0
294.273 0.000754153 0.000754153 0.000754153 0.000754153 0.000754153 0 0 0 0 0.00173731 0 0
339.821 0.00057161 0.00057161 0.00057161 0.00057161 0.00057161 0 0 0 0 0.00138587 0 0
392.419 0.00043315 0.00043315 0.00043315 0.00043315 0.00043315 0 0 0 0 0.00110385 0 0
453.158 0.000328151 0.000328151 0.000328151 0.000328151 0.000328151 0 0 0 0 0.000878003 0 0
523.299 0.000248545 0.000248545 0.000248545 0.000248545 0.000248545 0 0 0 0 0.000697536 0 0
604.296 0.000188206 0.000188206 0.000188206 0.000188206 0.000188206 0 0 0 0 0.000553632 0 0
697.831 0.000142479 0.000142479 0.000142479 0.000142479 0.000142479 0 0 0 0 0.000439126 0 0
805.842 0.000107836 0.000107836 0.000107836 0.000107836 0.000107836 0 0 0 0 0.000348177 0 0
930.572 8.15959e-05 8.15959e-05 8.15959e-05 8.15959e-05 8.15959e-05 0 0 0 0 0.000276041 0 0
1074.61 6.1725e-05 6.1725e-05 6.1725e-05 6.1725e-05 6.1725e-05 0 0 0 0 0.000218885 0 0
1240.94 4.66813e-05 4.66813e-05 4.66813e-05 4.66813e-05 4.66813e-05 0 0 0 0 0.000173636 0 0
1433.01 3.52949e-05 3.52949e-05 3.52949e-05 3.52949e-05 3.52949e-05 0 0 0 0 0.00013782 0 0
1654.82 2.66788e-05 2.66788e-05 2.66788e-05 2.66788e-05 2.66788e-05 0 0 0 0 0.000109468 0 0
1910.95 2.01607e-05 2.01607e-05 2.01607e-05 2.01607e-05 2.01607e-05 0 0 0 0 8.7021e-05 0 0
2206.73 1.5231e-05 1.5231e-05 1.5231e-05 1.5231e-05 1.5231e-05 0 0 0 0 6.92222e-05 0 0
2548.3 1.15035e-05 1.15035e-05 1.15035e-05 1.15035e-05 1.15035e-05 0 0 0 0 5.51066e-05 0 0
2942.73 8.68588e-06 8.68588e-06 8.68588e-06 8.68588e-06 8.68588e-06 0 0 0 0 4.38984e-05 0 0
3398.21 6.55653e-06 6.55653e-06 6.55653e-06 6.55653e-06 6.55653e-06 0 0 0 0 3.49857e-05 0 0
3924.19 4.94778e-06 4.94778e-06 4.94778e-06 4.94778e-06 4.94778e-06 0 0 0 0 2.78927e-05 0 0
4531.58 3.73267e-06 3.73267e-06 3.73267e-06 3.73267e-06 3.73267e-06 0 0 0 0 2.22423e-05 0 0
5232.99 2.81544e-06 2.81544e-06 2.81544e-06 2.81544e-06 2.81544e-06 0 0 0 0 1.77377e-05 0 0
6042.96 2.12281e-06 2.12281e-06 2.12281e-06 2.12281e-06 2.12281e-06 0 0 0 0 1.4144e-05 0 0
6978.31 1.6001e-06 1.6001e-06 1.6001e-06 1.6001e-06 1.6001e-06 0 0 0 0 1.12763e-05 0 0
8058.42 1.20573e-06 1.20573e-06 1.20573e-06 1.20573e-06 1.20573e-06 0 0 0 0 8.98742e-06 0 0
9305.72 9.08288e-07 9.08288e-07 9.08288e-07 9.08288e-07 9.08288e-07 0 0 0 0 7.16054e-06 0 0
10746.1 6.84008e-07 6.84008e-07 6.84008e-07 6.84008e-07 6.84008e-07 0 0 0 0 5.70254e-06 0 0
12409.4 5.14948e-07 5.14948e-07 5.14948e-07 5.14948e-07 5.14948e-07 0 0 0 0 4.53974e-06 0 0
14330.1 3.8755e-07 3.8755e-07 3.8755e-07 3.8755e-07 3.8755e-07 0 0 0 0 3.61254e-06 0 0
16548.2 2.91578e-07 2.91578e-07 2.91578e-07 2.91578e-07 2.91578e-07 0 0 0 0 2.87365e-06 0 0
19109.5 2.19303e-07 2.19303e-07 2.19303e-07 2.19303e-07 2.19303e-07 0 0 0 0 2.28512e-06 0 0
22067.3 1.6489e-07 1.6489e-07 1.6489e-07 1.6489e-07 1.6489e-07 0 0 0 0 1.81659e-06 0 0
25483 1.23939e-07 1.23939e-07 1.23939e-07 1.23939e-07 1.23939e-07 0 0 0 0 1.44378e-06 0 0
29427.3 9.31294e-08 9.31294e-08 9.31294e-08 9.31294e-08 9.31294e-08 0 0 0 0 1.14725e-06 0 0
33982.1 6.99574e-08 6.99574e-08 6.99574e-08 6.99574e-08 6.99574e-08 0 0 0 0 9.11487e-07 0 0
39241.9 5.25357e-08 5.25357e-08 5.25357e-08 5.25357e-08 5.25357e-08 0 0 0 0 7.24048e-07 0 0
45315.8 3.94417e-08 3.94417e-08 3.94417e-08 3.94417e-08 3.94417e-08 0 0 0 0 5.75064e-07 0 0
52329.9 2.96036e-08 2.96036e-08 2.96036e-08 2.96036e-08 2.96036e-08 0 0 0 0 4.56641e-07 0 0
60429.6 2.22142e-08 2.22142e-08 2.22142e-08 2.22142e-08 2.22142e-08 0 0 0 0 3.62497e-07 0 0
69783.1 1.66659e-08 1.66659e-08 1.66659e-08 1.66659e-08 1.66659e-08 0 0 0 0 2.87665e-07 0 0
80584.2 1.25012e-08 1.25012e-08 1.25012e-08 1.25012e-08 1.25012e-08 0 0 0 0 2.28164e-07 0 0
93057.2 9.37571e-09 9.37571e-09 9.37571e-09 9.37571e-09 9.37571e-09 0 0 0 0 1.80858e-07 0 0
107461 7.03071e-09 7.03071e-09 7.03071e-09 7.03071e-09 7.03071e-09 0 0 0 0 1.43242e-07 0 0
124094 5.27158e-09 5.27158e-09 5.27158e-09 5.27158e-09 5.27158e-09 0 0 0 0 1.13333e-07 0 0
143301 3.95216e-09 3.95216e-09 3.95216e-09 3.95216e-09 3.95216e-09 0 0 0 0 8.95577e-08 0 0
165482 2.96263e-09 2.96263e-09 2.96263e-09 2.96263e-09 2.96263e-09 0 0 0 0 7.06669e-08 0 0
191095 2.22061e-09 2.22061e-09 2.22061e-09 2.22061e-09 2.22061e-09 0 0 0 0 5.56655e-08 0 0
220673 1.66421e-09 1.66421e-09 1.66421e-09 1.66421e-09 1.66421e-09 0 0 0 0 4.37628e-08 0 0
254830 1.24707e-09 1.24707e-09 1.24707e-09 1.24707e-09 1.24707e-09 0 0 0 0 3.43303e-08 0 0
294273 9.34348e-10 9.34348e-10 9.34348e-10 9.34348e-10 9.34348e-10 0 0 0 0 2.68662e-08 0 0
339821 6.9995e-10 6.9995e-10 6.9995e-10 6.9995e-10 6.9995e-10 0 0 0 0 2.09695e-08 0 0
392419 5.24277e-10 5.24277e-10 5.24277e-10 5.24277e-10 5.24277e-10 0 0 0 0 1.63213e-08 0 0
453158 3.92632e-10 3.92632e-10 3.92632e-10 3.92632e-10 3.92632e-10 0 0 0 0 1.26655e-08 0 0
523299 2.93993e-10 2.93993e-10 2.93993e-10 2.93993e-10 2.93993e-10 0 0 0 0 9.79778e-09 0 0
604296 2.20101e-10 2.20101e-10 2.20101e-10 2.20101e-10 2.20101e-10 0 0 0 0 7.55502e-09 0 0
697831 1.64753e-10 1.64753e-10 1.64753e-10 1.64753e-10 1.64753e-10 0 0 0 0 5.8062e-09 0 0
805842 1.23299e-10 1.23299e-10 1.23299e-10 1.23299e-10 1.23299e-10 0 0 0 0 4.44619e-09 0 0
930572 9.22563e-11 9.22563e-11 9.22563e-11 9.22563e-11 9.22563e-11 0 0 0 0 3.39193e-09 0 0
1.07461e+06 6.90121e-11 6.90121e-11 6.90121e-11 6.90121e-11 6.90121e-11 0 0 0 0 2.57862e-09 0 0
1.24094e+06 5.16099e-11 5.16099e-11 5.16099e-11 5.16099e-11 5.16099e-11 0 0 2.9387e-22 0 1.87583e-09 0 0
1.43301e+06 3.85835e-11 3.85835e-11 3.85835e-11 3.85835e-11 3.85835e-11 0 0 3.26606e-22 0 1.32266e-09 0 0
1.65482e+06 2.88345e-11 2.88345e-11 2.88345e-11 2.88345e-11 2.88345e-11 0 0 3.57825e-22 0 9.10007e-10 0 0
1.91095e+06 2.154e-11 2.154e-11 2.154e-11 2.154e-11 2.154e-11 0 0 3.92918e-22 0 5.88035e-10 0 0
2.20673e+06 1.60835e-11 1.60835e-11 1.60835e-11 1.60835e-11 1.60835e-11 0 0 4.23368e-22 0 3.67891e-10 0 0
2.5483e+06 1.20032e-11 1.20032e-11 1.20032e-11 1.20032e-11 1.20032e-11 0 0 4.51313e-22 0 2.10175e-10 0 0
2.94273e+06 8.9531e-12 8.9531e-12 8.9531e-12 8.9531e-12 8.9531e-12 0 0 4.80542e-22 0 1.09982e-10 0 0
3.39821e+06 6.67402e-12 6.67402e-12 6.67402e-12 6.67402e-12 6.67402e-12 0 0 5.06644e-22 0 5.29107e-11 0 0
3.92419e+06 4.97185e-12 4.97185e-12 4.97185e-12 4.97185e-12 4.97185e-12 0 0 5.32066e-22 0 2.26451e-11 0 0
4.53158e+06 3.70119e-12 3.70119e-12 3.70119e-12 3.70119e-12 3.70119e-12 0 0 5.56134e-22 0 8.05336e-12 0 0
5.23299e+06 2.75317e-12 2.75317e-12 2.75317e-12 2.75317e-12 2.75317e-12 0 0 5.78332e-22 0 2.54113e-12 0 0
6.04296e+06 2.0463e-12 2.0463e-12 2.0463e-12 2.0463e-12 2.0463e-12 0 0 5.98688e-22 0 6.31486e-13 0 0
6.97831e+06 1.51957e-12 1.51957e-12 1.51957e-12 1.51957e-12 1.51957e-12 0 0 6.1726e-22 0 1.18949e-13 0 0
8.05842e+06 1.12737e-12 1.12737e-12 1.12737e-12 1.12737e-12 1.12737e-12 0 0 6.31668e-22 0 1.88003e-14 0 0
9.30572e+06 8.35546e-13 8.35546e-13 8.35546e-13 8.35546e-13 8.35546e-13 0 0 6.48804e-22 0 1.91711e-15 0 0
1.07461e+07 6.18599e-13 6.18599e-13 6.18599e-13 6.18599e-13 6.18599e-13 0 0 6.60249e-22 0 1.49805e-16 0 0
1.24094e+07 4.57459e-13 4.57459e-13 4.57459e-13 4.57459e-13 4.57459e-13 0 0 6.69427e-22 0 7.40929e-18 0 0
1.43301e+07 3.37885e-13 3.37885e-13 3.37885e-13 3.37885e-13 3.37885e-13 0 0 6.75757e-22 0 2.56149e-19 0 0
1.65482e+07 2.49249e-13 2.49249e-13 2.49249e-13 2.49249e-13 2.49249e-13 0 0 6.84509e-22 0 3.40903e-21 0 0
1.91095e+07 1.83618e-13 1.83618e-13 1.83618e-13 1.83618e-13 1.83618e-13 0 0 6.89511e-22 0 3.54825e-23 0 0
2.20673e+07 1.35079e-13 1.35079e-13 1.35079e-13 1.35079e-13 1.35079e-13 0 0 6.94673e-22 0 1.34801e-25 0 0
2.5483e+07 9.92269e-14 9.92269e-14 9.92269e-14 9.92269e-14 9.92269e-14 0 0 6.9868e-22 0 3.02716e-28 0 0
2.94273e+07 7.27811e-14 7.27811e-14 7.27811e-14 7.27811e-14 7.27811e-14 0 0 7.01454e-22 0 1.09262e-31 0 0
3.39821e+07 5.33014e-14 5.33014e-14 5.33014e-14 5.33014e-14 5.33014e-14 0 0 7.03027e-22 0 2.81748e-35 0 0
3.92419e+07 3.89741e-14 3.89741e-14 3.89741e-14 3.89741e-14 3.89741e-14 0 0 7.03568e-22 0 1.24114e-39 0 0
4.53158e+07 2.84527e-14 2.84527e-14 2.84527e-14 2.84527e-14 2.84527e-14 0 0 7.00087e-22 0 1.57164e-44 0 0
5.23299e+07 2.07385e-14 2.07385e-14 2.07385e-14 2.07385e-14 2.07385e-14 0 5.52743e-23 7.0135e-22 0 1.31677e-50 0 0
6.04296e+07 1.50917e-14 1.50917e-14 1.50917e-14 1.50917e-14 1.50917e-14 0 3.51962e-21 6.97375e-22 0 3.83571e-57 0 0
6.97831e+07 1.09651e-14 1.09651e-14 1.09651e-14 1.09651e-14 1.09651e-14 0 5.34113e-21 6.91778e-22 0 6.69541e-65 0 0
8.05842e+07 7.95446e-15 7.95446e-15 7.95446e-15 7.95446e-15 7.95446e-15 0 5.58049e-21 6.87446e-22 0 0 0 0
9.30572e+07 5.76165e-15 5.76165e-15 5.76165e-15 5.76165e-15 5.76165e-15 0 5.79174e-21 6.80998e-22 0 0 0 0
1.07461e+08 4.16714e-15 4.16714e-15 4.16714e-15 4.16714e-15 4.16714e-15 4.35477e-22 6.00365e-21 6.74458e-22 0 0 50.6949 0
1.24094e+08 3.00958e-15 3.00958e-15 3.00958e-15 3.00958e-15 3.00958e-15 3.1108e-21 6.19073e-21 6.70443e-22 0 0 44.5363 0
1.43301e+08 2.17056e-15 2.17056e-15 2.17056e-15 2.17056e-15 2.17056e-15 3.86136e-21 6.35532e-21 6.62358e-22 0 0 39.1259 0
1.65482e+08 1.56336e-15 1.56336e-15 1.56336e-15 1.56336e-15 1.56336e-15 3.99289e-21 6.49879e-21 6.55569e-22 0 0 34.3728 0
1.91095e+08 1.12459e-15 1.12459e-15 1.12459e-15 1.12459e-15 1.12459e-15 4.09582e-21 6.62161e-21 6.48251e-22 0 0 30.197 0
2.20673e+08 8.07975e-16 8.07975e-16 8.07975e-16 8.07975e-16 8.07975e-16 4.1813e-21 6.73089e-21 6.40321e-22 0 0 26.5286 0
2.5483e+08 5.79832e-16 5.79832e-16 5.79832e-16 5.79832e-16 5.79832e-16 4.25372e-21 6.82959e-21 6.3247e-22 0 0 23.3058 0
2.94273e+08 4.15653e-16 4.15653e-16 4.15653e-16 4.15653e-16 4.15653e-16 4.30249e-21 6.90309e-21 6.23502e-22 0 0 20.4746 0
3.39821e+08 2.97656e-16 2.97656e-16 2.97656e-16 2.97656e-16 2.97656e-16 4.32882e-21 6.95002e-21 6.13358e-22 0 0 18.7808 0
3.92419e+08 2.12954e-16 2.12954e-16 2.12954e-16 2.12954e-16 2.12954e-16 4.33357e-21 6.96894e-21 6.04473e-22 0 0 17.9872 0
4.53158e+08 1.52221e-16 1.52221e-16 1.52221e-16 1.52221e-16 1.52221e-16 4.31742e-21 6.95856e-21 5.92616e-22 0 0 17.2272 0
5.23299e+08 1.08723e-16 1.08723e-16 1.08723e-16 1.08723e-16 1.08723e-16 4.28121e-21 6.91789e-21 5.82081e-22 0 0 16.4993 0
6.04296e+08 7.76006e-17 7.76006e-17 7.76006e-17 7.76006e-17 7.76006e-17 4.23512e-21 6.84637e-21 5.7194e-22 0 0 15.8021 0
6.97831e+08 5.53543e-17 5.53543e-17 5.53543e-17 5.53543e-17 5.53543e-17 4.16837e-21 6.74409e-21 5.6362e-22 0 0 15.1344 0
8.05842e+08 3.94664e-17 3.94664e-17 3.94664e-17 3.94664e-17 3.94664e-17 4.08208e-21 6.61177e-21 5.53292e-22 0 0 14.4949 0
9.30572e+08 2.81283e-17 2.81283e-17 2.81283e-17 2.81283e-17 2.81283e-17 3.97771e-21 6.45086e-21 5.43964e-22 0 0 13.8824 0
1.07461e+09 2.00423e-17 2.00423e-17 2.00423e-17 2.00423e-17 2.00423e-17 3.85699e-21 6.26351e-21 5.34575e-22 0 0 13.9324 0
1.24094e+09 1.42788e-17 1.42788e-17 1.42788e-17 1.42788e-17 1.42788e-17 3.72191e-21 6.05246e-21 5.24544e-22 0 0 14.6522 0
1.43301e+09 1.01723e-17 1.01723e-17 1.01723e-17 1.01723e-17 1.01723e-17 3.5747e-21 5.82098e-21 5.15773e-22 0 0 15.4091 0
1.65482e+09 7.24722e-18 7.24722e-18 7.24722e-18 7.24722e-18 7.24722e-18 3.41772e-21 5.57271e-21 5.05654e-22 0 0 16.2051 0
1.91095e+09 5.16381e-18 5.16381e-18 5.16381e-18 5.16381e-18 5.16381e-18 3.25341e-21 5.31149e-21 4.94971e-22 0 0 17.0423 0
2.20673e+09 3.67986e-18 3.67986e-18 3.67986e-18 3.67986e-18 3.67986e-18 3.08418e-21 5.04119e-21 4.85193e-22 0 0 17.9226 0
2.5483e+09 2.62271e-18 2.62271e-18 2.62271e-18 2.62271e-18 2.62271e-18 2.91234e-21 4.76557e-21 4.73507e-22 0 0 18.8485 0
2.94273e+09 1.86941e-18 1.86941e-18 1.86941e-18 1.86941e-18 1.86941e-18 2.74004e-21 4.4882e-21 4.62655e-22 0 0 19.8222 0
3.39821e+09 1.33244e-18 1.33244e-18 1.33244e-18 1.33244e-18 1.33244e-18 2.5692e-21 4.21229e-21 4.54795e-22 0 0 20.8462 0
3.92419e+09 9.49536e-19 9.49536e-19 9.49536e-19 9.49536e-19 9.49536e-19 2.40148e-21 3.94064e-21 4.42612e-22 0 0 21.9231 0
4.53158e+09 6.76406e-19 6.76406e-19 6.76406e-19 6.76406e-19 6.76406e-19 2.2383e-21 3.67566e-21 4.31983e-22 0 0 23.0556 0
5.23299e+09 4.81533e-19 4.81533e-19 4.81533e-19 4.81533e-19 4.81533e-19 2.08078e-21 3.41971e-21 4.21598e-22 0 0 24.2467 0
6.04296e+09 3.42485e-19 3.42485e-19 3.42485e-19 3.42485e-19 3.42485e-19 1.92979e-21 3.17392e-21 4.11035e-22 0 0 25.4992 0
6.97831e+09 2.43289e-19 2.43289e-19 2.43289e-19 2.43289e-19 2.43289e-19 1.78596e-21 2.93924e-21 4.00308e-22 0 0 26.8165 0
8.05842e+09 1.72557e-19 1.72557e-19 1.72557e-19 1.72557e-19 1.72557e-19 1.64971e-21 2.71647e-21 3.89485e-22 0 0 28.2018 0
9.30572e+09 1.22165e-19 1.22165e-19 1.22165e-19 1.22165e-19 1.22165e-19 1.52125e-21 2.50606e-21 3.77926e-22 0 0 29.6587 0
1.07461e+10 8.63088e-20 8.63088e-20 8.63088e-20 8.63088e-20 8.63088e-20 1.40067e-21 2.30823e-21 3.67544e-22 0 0 33.2776 0
1.24094e+10 6.08381e-20 6.08381e-20 6.08381e-20 6.08381e-20 6.08381e-20 1.28791e-21 2.12295e-21 3.54963e-22 0 0 39.8361 0
1.43301e+10 4.27823e-20 4.27823e-20 4.27823e-20 4.27823e-20 4.27823e-20 1.18281e-21 1.95003e-21 3.4286e-22 0 0 47.6872 0
1.65482e+10 3.00134e-20 3.00134e-20 3.00134e-20 3.00134e-20 3.00134e-20 1.08512e-21 1.78913e-21 3.34088e-22 0 0 57.0857 0
1.91095e+10 2.10074e-20 2.10074e-20 2.10074e-20 2.10074e-20 2.10074e-20 9.9456e-22 1.63981e-21 3.22279e-22 0 0 68.3364 0
2.20673e+10 1.46729e-20 1.46729e-20 1.46729e-20 1.46729e-20 1.46729e-20 9.10787e-22 1.50155e-21 3.10518e-22 0 0 81.8045 34.7254
2.5483e+10 1.02301e-20 1.02301e-20 1.02301e-20 1.02301e-20 1.02301e-20 8.33443e-22 1.3738e-21 3.00928e-22 0 0 97.9269 22.9578
2.94273e+10 7.12227e-21 7.12227e-21 7.12227e-21 7.12227e-21 7.12227e-21 7.6215e-22 1.25596e-21 2.90597e-22 0 0 117.227 15.5417
3.39821e+10 4.9536e-21 4.9536e-21 4.9536e-21 4.9536e-21 4.9536e-21 6.96534e-22 1.14743e-21 2.80971e-22 0 0 140.33 10.7604
3.92419e+10 3.44342e-21 3.44342e-21 3.44342e-21 3.44342e-21 3.44342e-21 6.36216e-22 1.04761e-21 2.71506e-22 0 0 167.988 7.61059
4.53158e+10 2.39349e-21 2.3935e-21 2.3935e-21 2.3935e-21 2.3935e-21 5.80829e-22 9.55914e-22 2.62188e-22 0 0 201.095 5.49245
5.23299e+10 1.66437e-21 1.66438e-21 1.66438e-21 1.66438e-21 1.66438e-21 5.3002e-22 8.71763e-22 2.52422e-22 0 0 240.728 4.04008
6.04296e+10 1.15832e-21 1.15833e-21 1.15833e-21 1.15833e-21 1.15833e-21 4.83446e-22 7.94603e-22 2.43532e-22 0 0 288.172 3.02568
6.97831e+10 8.06516e-22 8.06533e-22 8.06533e-22 8.06533e-22 8.06533e-22 4.16563e-22 6.89038e-22 2.3323e-22 0 0 344.967 2.3047
8.05842e+10 5.6223e-22 5.62248e-22 5.62248e-22 5.62248e-22 5.62248e-22 3.58626e-22 5.96699e-22 2.23245e-22 0 0 412.954 1.78376
9.30572e+10 3.92422e-22 3.9244e-22 3.9244e-22 3.9244e-22 3.9244e-22 3.08471e-22 5.16026e-22 2.15143e-22 0 0 494.341 1.40144
1.07461e+11 2.74203e-22 2.74221e-22 2.74221e-22 2.74221e-22 2.74221e-22 2.65082e-22 4.45628e-22 2.04682e-22 0 0 591.769 1.11671
1.24094e+11 1.9174e-22 1.91757e-22 1.91757e-22 1.91757e-22 1.91757e-22 2.27575e-22 3.84275e-22 1.94213e-22 0 0 708.397 0.901709
1.43301e+11 1.34093e-22 1.3411e-22 1.3411e-22 1.3411e-22 1.3411e-22 1.95176e-22 3.30875e-22 1.84495e-22 0 0 848.012 0.737233
1.65482e+11 9.3705e-23 9.37209e-23 9.37209e-23 9.37209e-23 9.37209e-23 1.67213e-22 2.8446e-22 1.74103e-22 0 0 1015.14 0.609868
1.91095e+11 6.53557e-23 6.53705e-23 6.53705e-23 6.53705e-23 6.53705e-23 1.43098e-22 2.44171e-22 1.63719e-22 0 0 1215.21 0.510106
2.20673e+11 4.54325e-23 4.54462e-23 4.54462e-23 4.54462e-23 4.54462e-23 1.22321e-22 2.09251e-22 1.53115e-22 0 0 1454.71 0.431129
2.5483e+11 3.14319e-23 3.14443e-23 3.14443e-23 3.14443e-23 3.14443e-23 1.04437e-22 1.79029e-22 1.42343e-22 0 0 1741.41 0.367983
2.94273e+11 2.16113e-23 2.16223e-23 2.16223e-23 2.16223e-23 2.16223e-23 8.90572e-23 1.52912e-22 1.31566e-22 0 0 2084.62 0.317029
3.39821e+11 1.475e-23 1.47597e-23 1.47597e-23 1.47597e-23 1.47597e-23 7.58453e-23 1.30377e-22 1.205e-22 0 0 0 0.275565
3.92419e+11 9.98581e-24 9.99406e-24 9.99406e-24 9.99406e-24 9.99406e-24 6.4508e-23 1.10965e-22 1.09261e-22 0 0 0 0.241562
4.53158e+11 6.70482e-24 6.71173e-24 6.71173e-24 6.71173e-24 6.71173e-24 5.47901e-23 9.42723e-23 9.92011e-23 0 0 0 0.213483
5.23299e+11 4.46721e-24 4.47287e-24 4.47287e-24 4.47287e-24 4.47287e-24 4.647e-23 7.99393e-23 8.86332e-23 0 0 0 0.190154
6.04296e+11 2.95687e-24 2.96139e-24 2.96139e-24 2.96139e-24 2.96139e-24 3.93556e-23 6.76552e-23 7.82291e-23 0 0 0 0.170669
6.97831e+11 1.94747e-24 1.951e-24 1.951e-24 1.951e-24 1.951e-24 3.32796e-23 5.71464e-23 6.8577e-23 0 0 0 0.154323
8.05842e+11 1.27877e-24 1.28146e-24 1.28146e-24 1.28146e-24 1.28146e-24 2.80976e-23 4.81722e-23 5.91812e-23 0 0 0 0.140565
9.30572e+11 8.38911e-25 8.40913e-25 8.40913e-25 8.40913e-25 8.40913e-25 2.36844e-23 4.05236e-23 5.03653e-23 0 0 0 0.12896
1.07461e+12 5.51002e-25 5.52465e-25 5.52465e-25 5.52465e-25 5.52465e-25 1.99306e-23 3.40169e-23 4.2119e-23 0 0 0 0.119166
1.24094e+12 3.63067e-25 3.64118e-25 3.64118e-25 3.64118e-25 3.64118e-25 1.67431e-23 2.8493e-23 3.44326e-23 0 0 0 0.110908
1.43301e+12 2.40455e-25 2.41201e-25 2.41201e-25 2.41201e-25 2.41201e-25 1.40403e-23 2.3813e-23 2.74139e-23 0 0 0 0.103969
1.65482e+12 1.60334e-25 1.6086e-25 1.6086e-25 1.6086e-25 1.6086e-25 1.17524e-23 1.98562e-23 2.1187e-23 0 0 0 0.098177
1.91095e+12 1.07795e-25 1.08164e-25 1.08164e-25 1.08164e-25 1.08164e-25 9.81884e-24 1.65178e-23 1.57085e-23 0 0 0 0.0933933
2.20673e+12 7.31675e-26 7.34265e-26 7.34265e-26 7.34265e-26 7.34265e-26 8.18743e-24 1.37087e-23 1.11376e-23 0 0 0 0.0895108
2.5483e+12 5.01986e-26 5.03811e-26 5.03811e-26 5.03811e-26 5.03811e-26 6.8135e-24 1.13489e-23 7.58205e-24 0 0 0 0.0864461
2.94273e+12 3.4847e-26 3.49765e-26 3.49765e-26 3.49765e-26 3.49765e-26 5.65871e-24 9.37173e-24 4.82913e-24 0 0 0 0.0841374
3.39821e+12 2.44958e-26 2.45891e-26 2.45891e-26 2.45891e-26 2.45891e-26 4.68956e-24 7.71916e-24 2.87427e-24 0 0 0 0.082541
3.92419e+12 1.74493e-26 1.75176e-26 1.75176e-26 1.75176e-26 1.75176e-26 3.87806e-24 6.34211e-24 1.59491e-24 0 0 0 0.08163
4.53158e+12 1.26027e-26 1.26537e-26 1.26537e-26 1.26537e-26 1.26537e-26 3.2003e-24 5.19658e-24 8.14578e-25 0 0 0 0.0813928
5.23299e+12 9.23052e-27 9.26938e-27 9.26938e-27 9.26938e-27 9.26938e-27 2.63484e-24 4.24684e-24 3.84768e-25 0 0 0 0.0818329
6.04296e+12 6.85648e-27 6.88658e-27 6.88658e-27 6.88658e-27 6.88658e-27 2.16429e-24 3.46146e-24 1.71534e-25 0 0 0 0.0829683
6.97831e+12 5.16442e-27 5.18813e-27 5.18813e-27 5.18813e-27 5.18813e-27 1.77382e-24 2.81355e-24 7.72669e-26 0 0 0 0.0848322
8.05842e+12 3.94185e-27 3.96083e-27 3.96083e-27 3.96083e-27 3.96083e-27 1.45048e-24 2.28085e-24 4.06726e-26 0 0 0 0.0874729
9.30572e+12 3.04428e-27 3.05972e-27 3.05972e-27 3.05972e-27 3.05972e-27 1.18325e-24 1.84408e-24 2.79696e-26 0 0 0 0.0909553
1.07461e+13 2.37159e-27 2.38436e-27 2.38436e-27 2.38436e-27 2.38436e-27 9.63055e-25 1.48667e-24 2.3572e-26 0 0 0 0.0953611
1.24094e+13 1.85051e-27 1.86125e-27 1.86125e-27 1.86125e-27 1.86125e-27 7.82086e-25 1.19594e-24 2.18584e-26 0 0 0 0.10079
1.43301e+13 1.42468e-27 1.43379e-27 1.43379e-27 1.43379e-27 1.43379e-27 6.3357e-25 9.5939e-25 2.05986e-26 0 0 0 0.10736
1.65482e+13 1.05808e-27 1.06581e-27 1.06581e-27 1.06581e-27 1.06581e-27 5.12233e-25 7.67654e-25 1.94075e-26 0 0 0 0.115206
1.91095e+13 7.46906e-28 7.53438e-28 7.53438e-28 7.53438e-28 7.53438e-28 4.13167e-25 6.12926e-25 1.82743e-26 0 0 0 0.12448
2.20673e+13 5.09298e-28 5.14943e-28 5.14943e-28 5.14943e-28 5.14943e-28 3.32606e-25 4.88268e-25 1.71127e-26 0 0 0 0.135345
2.5483e+13 3.45267e-28 3.50396e-28 3.50396e-28 3.50396e-28 3.50396e-28 2.67431e-25 3.88281e-25 1.59836e-26 0 0 0 0.147968
2.94273e+13 2.36837e-28 2.41751e-28 2.41751e-28 2.41751e-28 2.41751e-28 2.14532e-25 3.08157e-25 1.48283e-26 0 0 0 0.162507
3.39821e+13 1.65851e-28 1.70717e-28 1.70717e-28 1.70717e-28 1.70717e-28 1.71868e-25 2.44058e-25 1.36416e-26 0 0 0 0.179093
3.92419e+13 1.18812e-28 1.23689e-28 1.23689e-28 1.23689e-28 1.23689e-28 1.37575e-25 1.93017e-25 1.24836e-26 0 0 0 0.197804
4.53158e+13 8.69401e-29 9.1816e-29 9.1816e-29 9.1816e-29 9.1816e-29 1.10007e-25 1.52201e-25 1.12694e-26 0 0 0 0.218621
5.23299e+13 6.48989e-29 6.9721e-29 6.9721e-29 6.9721e-29 6.9721e-29 8.7941e-26 1.19697e-25 1.00635e-26 0 0 0 0.241387
6.04296e+13 4.92796e-29 5.39734e-29 5.39734e-29 5.39734e-29 5.39734e-29 7.02317e-26 9.39182e-26 8.90813e-27 0 0 0 0.265741
6.97831e+13 3.80167e-29 4.25111e-29 4.25111e-29 4.25111e-29 4.25111e-29 5.60682e-26 7.32185e-26 7.71632e-27 0 0 0 0.291055
8.05842e+13 2.97466e-29 3.39967e-29 3.39967e-29 3.39967e-29 3.39967e-29 4.47552e-26 5.6741e-26 6.57509e-27 0 0 0 0.316368
9.30572e+13 2.34533e-29 2.74811e-29 2.74811e-29 2.74811e-29 2.74811e-29 3.56315e-26 4.36388e-26 5.50076e-27 0 0 0 0.340344
1.07461e+14 1.83967e-29 2.24191e-29 2.24191e-29 2.24191e-29 2.24191e-29 2.82994e-26 3.31526e-26 4.47849e-27 0 0 0 0
1.24094e+14 1.38711e-29 1.84861e-29 1.84861e-29 1.84861e-29 1.84861e-29 2.249e-26 2.48539e-26 3.5544e-27 0 0 0 0
1.43301e+14 9.11621e-30 1.52518e-29 1.52518e-29 1.52518e-29 1.52518e-29 1.77269e-26 1.83339e-26 2.74123e-27 0 0 0 0
1.65482e+14 4.3919e-30 1.25846e-29 1.25846e-29 1.25846e-29 1.25846e-29 1.38668e-26 1.32622e-26 2.04555e-27 0 0 0 0
1.91095e+14 1.17183e-30 1.03793e-29 1.03793e-29 1.03793e-29 1.03793e-29 1.07696e-26 9.34598e-27 1.46054e-27 0 0 0 0
2.20673e+14 1.17893e-31 8.49586e-30 8.49586e-30 8.49586e-30 8.49586e-30 8.25218e-27 6.4088e-27 9.97547e-28 0 0 0 0
2.5483e+14 2.92359e-33 6.87943e-30 6.87943e-30 6.87943e-30 6.87943e-30 6.22269e-27 4.25786e-27 6.45983e-28 0 0 0 0
2.94273e+14 1.21887e-35 5.49182e-30 5.49182e-30 5.49182e-30 5.49182e-30 4.60477e-27 2.72782e-27 3.91505e-28 0 0 0 0
3.39821e+14 6.66462e-39 4.29529e-30 4.29529e-30 4.29529e-30 4.29529e-30 3.3248e-27 1.69238e-27 2.22675e-28 0 0 0 0
3.92419e+14 4.59137e-43 3.2715e-30 3.2715e-30 3.2715e-30 3.2715e-30 2.32924e-27 1.01305e-27 1.1614e-28 0 0 0 0
4.53158e+14 4.857e-48 2.42053e-30 2.42053e-30 2.42053e-30 2.42053e-30 1.58008e-27 5.89233e-28 5.5156e-29 0 0 0 0
5.23299e+14 1.18213e-53 1.7252e-30 1.7252e-30 1.7252e-30 1.7252e-30 1.02954e-27 3.36012e-28 2.36111e-29 0 0 0 0
6.04296e+14 1.16288e-59 1.18099e-30 1.18099e-30 1.18099e-30 1.18099e-30 6.42582e-28 1.89467e-28 8.94297e-30 0 0 0 0
6.97831e+14 8.83258e-66 7.79915e-31 7.79915e-31 7.79915e-31 7.79915e-31 3.85979e-28 1.0652e-28 2.96724e-30 0 0 0 0
8.05842e+14 9.74468e-72 4.91852e-31 4.91852e-31 4.91852e-31 4.91852e-31 2.20939e-28 5.97828e-29 8.43986e-31 0 0 0 0
9.30572e+14 2.80447e-77 2.9866e-31 2.9866e-31 2.9866e-31 2.9866e-31 1.21542e-28 3.3354e-29 2.00857e-31 0 0 0 0
1.07461e+15 3.40278e-82 1.76644e-31 1.76644e-31 1.76644e-31 1.76644e-31 6.50156e-29 1.83608e-29 3.94577e-32 0 0 0 0
1.24094e+15 2.46117e-86 1.0273e-31 1.0273e-31 1.0273e-31 1.0273e-31 3.41414e-29 9.89233e-30 6.20975e-33 0 0 0 0
1.43301e+15 1.31447e-89 5.95142e-32 5.95142e-32 5.95142e-32 5.95142e-32 1.78327e-29 5.18423e-30 7.65753e-34 0 0 0 0
1.65482e+15 5.61289e-92 3.45069e-32 3.45069e-32 3.45069e-32 3.45069e-32 9.30921e-30 2.63109e-30 7.17012e-35 0 0 0 0
1.91095e+15 1.84675e-93 1.99441e-32 1.99441e-32 1.99441e-32 1.99441e-32 4.8381e-30 1.2888e-30 4.92031e-36 0 0 0 0
2.20673e+15 4.11523e-94 1.13625e-32 1.13625e-32 1.13625e-32 1.13625e-32 2.47553e-30 6.07388e-31 2.37037e-37 0 0 0 0
2.5483e+15 5.12586e-94 6.29714e-33 6.29714e-33 6.29714e-33 6.29714e-33 1.23085e-30 2.74487e-31 7.77294e-39 0 0 0 0
2.94273e+15 2.84001e-93 3.3579e-33 3.3579e-33 3.3579e-33 3.3579e-33 5.88226e-31 1.18493e-31 1.61506e-40 0 0 0 0
3.39821e+15 5.47614e-92 1.70821e-33 1.70821e-33 1.70821e-33 1.70821e-33 2.67947e-31 4.86478e-32 2.02589e-42 0 0 0 0
3.92419e+15 2.86898e-90 8.23323e-34 8.23323e-34 8.23323e-34 8.23323e-34 1.15538e-31 1.88973e-32 1.41531e-44 0 0 0 0
4.53158e+15 3.21502e-88 3.73476e-34 3.73476e-34 3.73476e-34 3.73476e-34 4.68514e-32 6.90438e-33 4.88905e-47 0 0 0 0
5.23299e+15 6.16457e-86 1.58329e-34 1.58329e-34 1.58329e-34 1.58329e-34 1.77422e-32 2.35652e-33 7.72281e-50 0 0 0 0
6.04296e+15 1.6521e-83 6.22416e-35 6.22416e-35 6.22416e-35 6.22416e-35 6.22624e-33 7.45498e-34 4.79309e-53 0 0 0 0
6.97831e+15 5.1752e-81 2.2492e-35 2.2492e-35 2.2492e-35 2.2492e-35 2.00727e-33 2.16677e-34 9.79417e-57 0 0 0 0
8.05842e+15 1.62331e-78 7.39824e-36 7.39824e-36 7.39824e-36 7.39824e-36 5.88707e-34 5.72874e-35 5.56161e-61 0 0 0 0
9.30572e+15 4.47149e-76 2.19074e-36 2.19074e-36 2.19074e-36 2.19074e-36 1.5536e-34 1.36266e-35 6.73991e-66 0 0 0 0
1.07461e+16 9.69459e-74 5.76857e-37 5.76857e-37 5.76857e-37 5.76857e-37 3.6442e-35 2.88071e-36 1.33424e-71 0 0 0 0
1.24094e+16 1.51245e-71 1.33258e-37 1.33258e-37 1.33258e-37 1.33258e-37 7.49627e-36 5.33996e-37 3.09718e-78 0 0 0 0
1.43301e+16 1.57905e-69 2.66041e-38 2.66041e-38 2.66041e-38 2.66041e-38 1.33223e-36 8.55053e-38 6.10701e-86 0 0 0 0
1.65482e+16 1.04112e-67 4.51462e-39 4.51462e-39 4.51462e-39 4.51462e-39 2.01193e-37 1.163e-38 6.4393e-95 0 0 0 0
1.91095e+16 4.13838e-66 6.39059e-40 6.39059e-40 6.39059e-40 6.39059e-40 2.53398e-38 1.31854e-39 0 0 0 0 0
2.20673e+16 9.55584e-65 7.38991e-41 7.38991e-41 7.38991e-41 7.38991e-41 2.60681e-39 1.22039e-40 0 0 0 0 0
2.5483e+16 1.24394e-63 6.82219e-42 6.82219e-42 6.82219e-42 6.82219e-42 2.14077e-40 9.00745e-42 0 0 0 0 0
2.94273e+16 8.8776e-63 4.88789e-43 4.88789e-43 4.88789e-43 4.88789e-43 1.36439e-41 5.1548e-43 0 0 0 0 0
3.39821e+16 3.38529e-62 2.63306e-44 2.63306e-44 2.63306e-44 2.63306e-44 6.5386e-43 2.22543e-44 0 0 0 0 0
3.92419e+16 6.74032e-62 1.0315e-45 1.0315e-45 1.0315e-45 1.0315e-45 2.27912e-44 7.00968e-46 0 0 0 0 0
4.53158e+16 6.76506e-62 2.79944e-47 2.79944e-47 2.79944e-47 2.79944e-47 5.50492e-46 1.54501e-47 0 0 0 0 0
5.23299e+16 3.28893e-62 4.97989e-49 4.97989e-49 4.97989e-49 4.97989e-49 8.7183e-48 2.26994e-49 0 0 0 0 0
6.04296e+16 7.3686e-63 5.43177e-51 5.43177e-51 5.43177e-51 5.43177e-51 8.46999e-50 2.07639e-51 0 0 0 0 0
6.97831e+16 6.63123e-64 3.11098e-53 3.11098e-53 3.11098e-53 3.11098e-53 4.32331e-52 9.77466e-54 0 0 0 0 0
8.05842e+16 0 0 0 0 0 0 0 0 0 0 0 0
9.30572e+16 0 0 0 0 0 0 0 0 0 0 0 0


