1.07461e-07 3.08938e-20 3.08938e-20 3.08938e-20 2969.4 9.44922e+11 0 0 0 0 2.14159e-05 0 0
1.24094e-07 4.10361e-17 4.10361e-17 4.10361e-17 3276.79 8.17576e+11 0 0 0 0 2.47307e-05 0 0
1.43301e-07 2.12053e-14 2.12053e-14 2.12053e-14 3640.07 7.12013e+11 0 0 0 0 2.85586e-05 0 0
1.65482e-07 4.83912e-12 4.83912e-12 4.83912e-12 4067.92 6.23722e+11 0 0 0 0 3.29789e-05 0 0
1.91095e-07 5.43949e-10 5.43949e-10 5.43949e-10 4568.09 5.48918e+11 0 0 0 0 3.80835e-05 0 0
2.20673e-07 3.30919e-08 3.30919e-08 3.30919e-08 5147.52 4.846e+11 0 0 0 0 4.39781e-05 0 0
2.5483e-07 1.18206e-06 1.18206e-06 1.18206e-06 5813.04 4.2852e+11 0 0 0 0 5.07851e-05 0 0
2.94273e-07 2.66075e-05 2.66075e-05 2.66075e-05 6572.45 3.79088e+11 0 0 0 0 5.86458e-05 0 0
3.39821e-07 0.000401351 0.000401351 0.000401351 7435.72 3.35213e+11 0 0 0 0 6.77231e-05 0 0
3.92419e-07 0.00428013 0.00428013 0.00428013 8416.11 2.96151e+11 0 0 0 0 7.82054e-05 0 0
4.53158e-07 0.0338107 0.0338107 0.0338107 9530.9 2.61363e+11 0 0 0 0 9.03102e-05 0 0
5.23299e-07 0.206029 0.206029 0.206029 10802 2.30422e+11 0 0 0 0 0.000104289 0 0
6.04296e-07 1.00318 1.00318 1.00318 12256.3 2.0296e+11 0 0 0 0 0.000120431 0 0
6.97831e-07 4.02402 4.02402 4.02402 13926.5 1.78638e+11 0 0 0 0 0.000139071 0 0
8.05842e-07 13.6538 13.6538 13.6538 15851.1 1.57138e+11 0 0 0 0 0.000160597 0 0
9.30572e-07 40.0943 40.0943 40.0943 18075.7 1.38162e+11 0 0 0 0 0.000185454 0 0
1.07461e-06 103.923 103.923 103.923 20653.4 1.21432e+11 0 0 0 0 0.000214159 0 0
1.24094e-06 241.844 241.844 241.844 23646.3 1.0669e+11 0 0 0 0 0.000247307 0 0
1.43301e-06 512.799 512.799 512.799 27127.7 9.37031e+10 0 0 0 0 0.000285586 0 0
1.65482e-06 1003.42 1003.42 1003.42 31184.7 8.22608e+10 0 0 0 0 0.000329789 0 0
1.91095e-06 1832.09 1832.09 1832.09 35922.4 7.21781e+10 0 0 0 0 0.000380835 0 0
2.20673e-06 3151.54 3151.54 3151.54 41467.8 6.32928e+10 0 0 0 0 0.000439781 0 0
2.5483e-06 5150.29 5150.29 5150.29 47974.3 5.54634e+10 0 0 0 0 0.000507851 0 0
2.94273e-06 8053.84 8053.84 8053.84 55625.6 4.85661e+10 0 0 0 0 0.000586457 0 0
3.39821e-06 12126.2 12126.2 12126.2 64640.3 4.24924e+10 0 0 0 0 0.00067723 0 0
3.92419e-06 17672.5 17672.5 17672.5 75277.3 3.71462e+10 0 0 0 0 0.000782053 0 0
4.53158e-06 25044.5 25044.5 25044.5 87845.7 3.24428e+10 0 0 0 0 0.000903101 0 0
5.23299e-06 34647.7 34647.7 34647.7 102715 2.8307e+10 0 0 0 0 0.00104288 0 0
6.04296e-06 46953 46953 46953 120327 2.46725e+10 0 0 0 0 0.0012043 0 0
6.97831e-06 62509.9 62509.9 62509.9 141211 2.14806e+10 0 0 0 0 0.00139071 0 0
8.05842e-06 81963.5 81963.5 81963.5 165997 1.86796e+10 0 0 0 0 0.00160597 0 0
9.30572e-06 106074 106074 106074 195439 1.62234e+10 0 0 0 0 0.00185454 0 0
1.07461e-05 135742 135742 135742 230431 1.40717e+10 0 0 0 0 0.00214159 0 0
1.24094e-05 172035 172035 172035 272044 1.21884e+10 0 0 0 0 0.00247307 0 0
1.43301e-05 216224 216224 216224 321551 1.05417e+10 0 0 0 0 0.00285585 0 0
1.65482e-05 269821 269821 269821 380472 9.10352e+09 0 0 0 0 0.00329789 0 0
1.91095e-05 334629 334629 334629 450615 7.84894e+09 0 0 0 0 0.00380834 0 0
2.20673e-05 412795 412795 412795 534138 6.75589e+09 0 0 0 0 0.0043978 0 0
2.5483e-05 506879 506879 506879 633610 5.80487e+09 0 0 0 0 0.0050785 0 0
2.94273e-05 619934 619934 619934 752095 4.97861e+09 0 0 0 0 0.00586455 0 0
3.39821e-05 755601 755601 755601 893245 4.26184e+09 0 0 0 0 0.00677227 0 0
3.92419e-05 918227 918227 918227 1.06142e+06 3.64104e+09 0 0 0 0 0.00782049 0 0
4.53158e-05 1.113e+06 1.113e+06 1.113e+06 1.26181e+06 3.10429e+09 0 0 0 0 0.00903096 0 0
5.23299e-05 1.34611e+06 1.34611e+06 1.34611e+06 1.50064e+06 2.64104e+09 0 0 0 0 0.0104288 0 0
6.04296e-05 1.62497e+06 1.62497e+06 1.62497e+06 1.78532e+06 2.24197e+09 0 0 0 0 0.012043 0 0
6.97831e-05 1.95844e+06 1.95844e+06 1.95844e+06 2.12473e+06 1.89888e+09 0 0 0 0 0.013907 0 0
8.05842e-05 2.35714e+06 2.35714e+06 2.35714e+06 2.52949e+06 1.60453e+09 0 0 0 0 0.0160595 0 0
9.30572e-05 2.83377e+06 2.83377e+06 2.83377e+06 3.01235e+06 1.35254e+09 0 0 0 0 0.0185452 0 0
0.000107461 3.40361e+06 3.40361e+06 3.40361e+06 3.58858e+06 1.1373e+09 0 0 0 0 0.0214156 0 0
0.000124094 4.085e+06 4.085e+06 4.085e+06 4.27656e+06 9.53889e+08 0 0 0 0 0.0247303 0 0
0.000143301 4.89999e+06 4.89999e+06 4.89999e+06 5.09835e+06 7.97984e+08 0 0 0 0 0.028558 0 0
0.000165482 5.87517e+06 5.87517e+06 5.87517e+06 6.08058e+06 6.65794e+08 0 0 0 0 0.0329781 0 0
0.000191095 7.0426e+06 7.0426e+06 7.0426e+06 7.25533e+06 5.54008e+08 0 0 0 0 0.0380824 0 0
0.000220673 8.441e+06 8.441e+06 8.441e+06 8.66136e+06 4.59731e+08 0 0 0 0 0.0439767 0 0
0.00025483 1.01172e+07 1.01172e+07 1.01172e+07 1.03456e+07 3.80441e+08 0 0 0 0 0.0507833 0 0
0.000294273 1.21281e+07 1.21281e+07 1.21281e+07 1.23647e+07 3.13947e+08 0 0 0 0 0.0586433 0 0
0.000339821 1.45423e+07 1.45423e+07 1.45423e+07 1.47877e+07 2.58346e+08 0 0 0 0 0.0677197 0 0
0.000392419 1.74434e+07 1.74434e+07 1.74434e+07 1.7698e+07 2.11991e+08 0 0 0 0 0.0782009 0 0
0.000453158 2.09276e+07 2.09276e+07 2.09276e+07 2.11918e+07 1.7346e+08 0 0 0 0 0.0903042 0 0
0.000523299 2.50398e+07 2.50398e+07 2.50398e+07 2.53134e+07 1.41531e+08 0 0 0 0 0.104281 0 0
0.000604296 2.95096e+07 2.95096e+07 2.95096e+07 2.97886e+07 1.15154e+08 0 0 0 0 0.12042 0 0
0.000697831 3.34832e+07 3.34832e+07 3.34832e+07 3.37571e+07 9.34299e+07 0 0 0 0 0.139057 0 0
0.000805842 3.58543e+07 3.58543e+07 3.58543e+07 3.61082e+07 7.55936e+07 0 0 0 0 0.160578 0 0
0.000930572 3.59942e+07 3.59942e+07 3.59942e+07 3.62148e+07 6.09941e+07 0 0 0 0 0.185429 0 0
0.00107461 3.4052e+07 3.4052e+07 3.4052e+07 3.42326e+07 4.90808e+07 0 0 0 0 0.214126 0 0
0.00124094 3.06803e+07 3.06803e+07 3.06803e+07 3.08213e+07 3.93887e+07 0 0 0 0 0.247262 0 0
0.00143301 2.6623e+07 2.6623e+07 2.6623e+07 2.67288e+07 3.15275e+07 0 0 0 0 0.285526 0 0
0.00165482 2.24662e+07 2.24662e+07 2.24662e+07 2.25435e+07 2.51699e+07 0 0 0 0 0.32971 0 0
0.00191095 1.85761e+07 1.85761e+07 1.85761e+07 1.86315e+07 2.00434e+07 0 0 0 0 0.380729 0 0
0.00220673 1.51338e+07 1.51338e+07 1.51338e+07 1.51729e+07 1.59214e+07 0 0 0 0 0.43964 0 0
0.0025483 1.21966e+07 1.21966e+07 1.21966e+07 1.22239e+07 1.26161e+07 0 0 0 0 0.507663 0 0
0.00294273 9.75063e+06 9.75063e+06 9.75063e+06 9.76949e+06 9.97316e+06 0 0 0 0 0.586206 0 0
0.00339821 7.74747e+06 7.74747e+06 7.74747e+06 7.76045e+06 7.86535e+06 0 0 0 0 0.676895 0 0
0.00392419 6.1262e+06 6.1262e+06 6.1262e+06 6.13509e+06 6.18874e+06 0 0 0 0 0.781607 0 0
0.00453158 4.82519e+06 4.82519e+06 4.82519e+06 4.83125e+06 4.85852e+06 0 0 0 0 0.902505 0 0
0.00523299 3.78787e+06 3.78787e+06 3.78787e+06 3.79198e+06 3.80576e+06 0 0 0 0 1.04209 0 0
0.00604296 2.96492e+06 2.96492e+06 2.96492e+06 2.96771e+06 2.97463e+06 0 0 0 0 1.20325 0 0
0.00697831 2.3147e+06 2.3147e+06 2.3147e+06 2.31658e+06 2.32004e+06 0 0 0 0 1.3893 0 0
0.00805842 1.80272e+06 1.80272e+06 1.80272e+06 1.804e+06 1.80572e+06 0 0 0 0 1.60408 0 0
0.00930572 1.40083e+06 1.40083e+06 1.40083e+06 1.40168e+06 1.40254e+06 0 0 0 0 1.85203 0 0
0.0107461 1.0862e+06 1.0862e+06 1.0862e+06 1.08678e+06 1.0872e+06 0 0 0 0 2.13824 0 0
0.0124094 840530 840530 840530 840915 841121 0 0 0 0 2.4686 0 0
0.0143301 649157 649157 649157 649415 649515 0 0 0 0 2.8499 0 0
0.0165482 500425 500425 500425 500597 500646 0 0 0 0 3.28995 0 0
0.0191095 385090 385090 385090 385204 385228 0 0 0 0 3.79775 0 0
0.0220673 295842 295842 295842 295918 295930 0 0 0 0 4.38368 0 0
0.025483 226924 226924 226924 226974 226980 0 0 0 0 5.05968 0 0
0.0294273 173809 173809 173809 173842 173845 0 0 0 0 5.83946 0 0
0.0339821 132951 132951 132951 132973 132974 0 0 0 0 6.73882 0 0
0.0392419 101578 101578 101578 101592 101593 0 0 0 0 7.7759 0 0
0.0453158 77527.2 77527.2 77527.2 77536.9 77537.5 0 0 0 0 8.9715 0 0
0.0523299 59119.6 59119.6 59119.6 59126.1 59126.3 0 0 0 0 10.3495 0 0
0.0604296 45050.4 45050.4 45050.4 45054.6 45054.8 0 0 0 0 11.9373 0 0
0.0697831 34310.5 34310.5 34310.5 34313.3 34313.4 0 0 0 0 13.7661 0 0
0.0805842 26121.1 26121.1 26121.1 26122.9 26123 0 0 0 0 15.8718 0 0
0.0930572 19882.2 19882.2 19882.2 19883.4 19883.4 0 0 0 0 18.295 0 0
0.107461 15132.8 15132.8 15132.8 15133.6 15133.6 0 0 0 0 21.0823 0 0
0.124094 11519.3 11519.3 11519.3 11519.8 11519.8 0 0 0 0 24.2861 0 0
0.143301 8771.13 8771.13 8771.13 8771.47 8771.47 0 0 0 0 27.9663 0 0
0.165482 6681.49 6681.49 6681.49 6681.71 6681.72 0 0 0 0 32.19 0 0
0.191095 5092.64 5092.64 5092.64 5092.79 5092.79 0 0 0 0 37.0327 0 0
0.220673 3884.41 3884.41 3884.41 3884.51 3884.51 0 0 0 0 42.5789 0 0
0.25483 2965.35 2965.35 2965.35 2965.41 2965.41 0 0 0 0 48.9224 0 0
0.294273 2265.93 2265.93 2265.93 2265.98 2265.98 0 0 0 0 56.1665 0 0
0.339821 1733.36 1733.36 1733.36 1733.39 1733.39 0 0 0 0 64.4244 0 0
0.392419 1327.53 1327.53 1327.53 1327.54 1327.54 0 0 0 0 73.8179 0 0
0.453158 1018 1018 1018 1018.02 1018.02 0 0 0 0 84.477 0 0
0.523299 781.702 781.702 781.702 781.711 781.711 0 0 0 0 96.5369 0 0
0.604296 601.103 601.103 601.103 601.108 601.108 0 0 0 0 110.135 0 0
0.697831 462.909 462.909 462.909 462.913 462.913 0 0 0 0 125.406 0 0
0.805842 357.027 357.027 357.027 357.03 357.03 0 0 0 0 142.473 0 0
0.930572 275.791 275.791 275.791 275.793 275.793 0 0 0 0 161.438 0 0
1.07461 213.375 213.375 213.375 213.376 213.376 0 0 0 0 182.367 0 0
1.24094 165.347 165.347 165.347 165.347 165.347 0 0 0 0 205.27 0 0
1.43301 128.332 128.332 128.332 128.333 128.333 0 0 0 0 230.081 0 0
1.65482 99.7618 99.7618 99.7618 99.7621 99.7621 0 0 0 0 256.621 0 0
1.91095 77.673 77.673 77.673 77.6732 77.6732 0 0 0 0 284.566 0 0
2.20673 60.5677 60.5677 60.5677 60.5679 60.5679 0 0 0 0 313.4 0 0
2.5483 47.3 47.3 47.3 47.3001 47.3001 0 0 0 0 342.376 0 0
2.94273 36.9919 36.9919 36.9919 36.992 36.992 0 0 0 0 370.461 0 0
3.39821 28.9702 28.9702 28.9702 28.9702 28.9702 0 0 0 0 396.309 0 0
3.92419 22.7176 22.7176 22.7176 22.7177 22.7177 0 0 0 0 418.245 0 0
4.53158 17.8363 17.8363 17.8363 17.8363 17.8363 0 0 0 0 434.293 0 0
5.23299 14.0195 14.0195 14.0195 14.0195 14.0195 0 0 0 0 442.28 0 0
6.04296 11.0306 11.0306 11.0306 11.0306 11.0306 0 0 0 0 440.031 0 0
6.97831 8.68662 8.68662 8.68662 8.68662 8.68662 0 0 0 0 425.691 0 0
8.05842 6.84589 6.84589 6.84589 6.84589 6.84589 0 0 0 0 398.161 0 0
9.30572 5.3985 5.3985 5.3985 5.3985 5.3985 0 0 0 0 357.61 0 0
10.7461 4.25904 4.25904 4.25904 4.25904 4.25904 0 0 0 0 305.924 0 0
12.4094 3.36105 3.36105 3.36105 3.36105 3.36105 0 0 0 0 246.894 0 0
14.3301 2.6527 2.6527 2.6527 2.6527 2.6527 0 0 0 0 185.888 0 0
16.5482 2.09349 2.09349 2.09349 2.09349 2.09349 0 0 0 0 128.901 0 0
19.1095 1.65177 1.65177 1.65177 1.65177 1.65177 0 0 0 0 81.1261 0 0
22.0673 1.3027 1.3027 1.3027 1.3027 1.3027 0 0 0 0 45.5793 0 0
25.483 1.02679 1.02679 1.02679 1.02679 1.02679 0 0 0 0 22.4355 0 0
29.4273 0.808705 0.808705 0.808705 0.808705 0.808705 0 0 0 0 9.47203 0 0
33.9821 0.636365 0.636365 0.636365 0.636365 0.636365 0 0 0 0 3.34797 0 0
39.2419 0.500236 0.500236 0.500236 0.500236 0.500236 0 0 0 0 0.963639 0 0
45.3158 0.392784 0.392784 0.392784 0.392784 0.392784 0 0 0 0 0.218776 0 0
52.3299 0.308045 0.308045 0.308045 0.308045 0.308045 0 0 0 0 0.0377637 0 0
60.4296 0.24129 0.24129 0.24129 0.24129 0.24129 0 0 0 0 0.00475023 0 0
69.7831 0.188771 0.188771 0.188771 0.188771 0.188771 0 0 0 0 0.000414618 0 0
80.5842 0.14751 0.14751 0.14751 0.14751 0.14751 0 0 0 0 2.37307e-05 0 0
93.0572 0.115142 0.115142 0.115142 0.115142 0.115142 0 0 0 0 8.34318e-07 0 0
107.461 0.0897888 0.0897888 0.0897888 0.0897888 0.0897888 0 0 0 0 1.67092e-08 0 0
124.094 0.0699602 0.0699602 0.0699602 0.0699602 0.0699602 0 0 0 0 1.74725e-10 0 0
143.301 0.0544736 0.0544736 0.0544736 0.0544736 0.0544736 0 0 0 0 8.62671e-13 0 0
165.482 0.0423931 0.0423931 0.0423931 0.0423931 0.0423931 0 0 0 0 1.79053e-15 0 0
191.095 0.0329792 0.0329792 0.0329792 0.0329792 0.0329792 0 0 0 0 1.36619e-18 0 0
220.673 0.0256491 0.0256491 0.0256491 0.0256491 0.0256491 0 0 0 0 3.28219e-22 0 0
254.83 0.0199449 0.0199449 0.0199449 0.0199449 0.0199449 0 0 0 0 2.07615e-26 0 0
294.273 0.0155075 0.0155075 0.0155075 0.0155075 0.0155075 0 0 0 0 2.8125e-31 0 0
339.821 0.0120562 0.0120562 0.0120562 0.0120562 0.0120562 0 0 0 0 6.42795e-37 0 0
392.419 0.00937201 0.00937201 0.00937201 0.00937201 0.00937201 0 0 0 0 1.88182e-43 0 0
453.158 0.00728436 0.00728436 0.00728436 0.00728436 0.00728436 0 0 0 0 5.13413e-51 0 0
523.299 0.00566058 0.00566058 0.00566058 0.00566058 0.00566058 0 0 0 0 9.0411e-60 0 0
604.296 0.00439754 0.00439754 0.00439754 0.00439754 0.00439754 0 0 0 0 6.724e-70 0 0
697.831 0.00341508 0.00341508 0.00341508 0.00341508 0.00341508 0 0 0 0 1.29408e-81 0 0
805.842 0.00265092 0.00265092 0.00265092 0.00265092 0.00265092 0 0 0 0 3.6608e-95 0 0
930.572 0.00205662 0.00205662 0.00205662 0.00205662 0.00205662 0 0 0 0 6.91139e-105 0 0
1074.61 0.00159453 0.00159453 0.00159453 0.00159453 0.00159453 0 0 0 0 5.18544e-105 0 0
1240.94 0.00123533 0.00123533 0.00123533 0.00123533 0.00123533 0 0 0 0 3.89082e-105 0 0
1433.01 0.000956233 0.000956233 0.000956233 0.000956233 0.000956233 0 0 0 0 2.91968e-105 0 0
1654.82 0.000739473 0.000739473 0.000739473 0.000739473 0.000739473 0 0 0 0 2.19116e-105 0 0
1910.95 0.000571223 0.000571223 0.000571223 0.000571223 0.000571223 0 0 0 0 1.64462e-105 0 0
2206.73 0.000440713 0.000440713 0.000440713 0.000440713 0.000440713 0 0 0 0 1.23457e-105 0 0
2548.3 0.000339556 0.000339556 0.000339556 0.000339556 0.000339556 0 0 0 0 9.26906e-106 0 0
2942.73 0.00026122 0.00026122 0.00026122 0.00026122 0.00026122 0 0 0 0 6.9604e-106 0 0
3398.21 0.000200616 0.000200616 0.000200616 0.000200616 0.000200616 0 0 0 0 5.22785e-106 0 0
3924.19 0.000153784 0.000153784 0.000153784 0.000153784 0.000153784 0 0 0 0 3.9275e-106 0 0
4531.58 0.000117641 0.000117641 0.000117641 0.000117641 0.000117641 0 0 0 0 2.95141e-106 0 0
5232.99 9.0135e-05 9.0135e-05 9.0135e-05 9.0135e-05 9.0135e-05 0 0 0 0 2.2186e-106 0 0
6042.96 6.87042e-05 6.87042e-05 6.87042e-05 6.87042e-05 6.87042e-05 0 0 0 0 1.66834e-106 0 0
6978.31 5.22438e-05 5.22438e-05 5.22438e-05 5.22438e-05 5.22438e-05 0 0 0 0 1.25508e-106 0 0
8058.42 3.96258e-05 3.96258e-05 3.96258e-05 3.96258e-05 3.96258e-05 0 0 0 0 9.44623e-107 0 0
9305.72 2.99742e-05 2.99742e-05 2.99742e-05 2.99742e-05 2.99742e-05 0 0 0 0 7.11344e-107 0 0
10746.1 2.2609e-05 2.2609e-05 2.2609e-05 2.2609e-05 2.2609e-05 0 0 0 0 5.36e-107 0 0
12409.4 1.70032e-05 1.70032e-05 1.70032e-05 1.70032e-05 1.70032e-05 0 0 0 0 4.04156e-107 0 0
14330.1 1.27484e-05 1.27484e-05 1.27484e-05 1.27484e-05 1.27484e-05 0 0 0 0 3.0498e-107 0 0
16548.2 9.5286e-06 9.5286e-06 9.5286e-06 9.5286e-06 9.5286e-06 0 0 0 0 2.30343e-107 0 0
19109.5 7.09988e-06 7.09988e-06 7.09988e-06 7.09988e-06 7.09988e-06 0 0 0 0 1.74143e-107 0 0
22067.3 5.27398e-06 5.27398e-06 5.27398e-06 5.27398e-06 5.27398e-06 0 0 0 0 1.318e-107 0 0
25483 3.90604e-06 3.90604e-06 3.90604e-06 3.90604e-06 3.90604e-06 0 0 0 0 9.98744e-108 0 0
29427.3 2.88481e-06 2.88481e-06 2.88481e-06 2.88481e-06 2.88481e-06 0 0 0 0 7.57849e-108 0 0
33982.1 2.12513e-06 2.12513e-06 2.12513e-06 2.12513e-06 2.12513e-06 0 0 0 0 5.75915e-108 0 0
39241.9 1.56196e-06 1.56196e-06 1.56196e-06 1.56196e-06 1.56196e-06 0 0 0 0 4.3837e-108 0 0
45315.8 1.14586e-06 1.14586e-06 1.14586e-06 1.14586e-06 1.14586e-06 0 0 0 0 3.34263e-108 0 0
52329.9 8.39384e-07 8.39384e-07 8.39384e-07 8.39384e-07 8.39384e-07 0 0 0 0 2.55363e-108 0 0
60429.6 6.14267e-07 6.14267e-07 6.14267e-07 6.14267e-07 6.14267e-07 0 0 0 0 1.95479e-108 0 0
69783.1 4.49306e-07 4.49306e-07 4.49306e-07 4.49306e-07 4.49306e-07 0 0 0 0 1.49956e-108 0 0
80584.2 3.28654e-07 3.28654e-07 3.28654e-07 3.28654e-07 3.28654e-07 0 0 0 0 1.15288e-108 0 0
93057.2 2.40529e-07 2.40529e-07 2.40529e-07 2.40529e-07 2.40529e-07 0 0 0 0 8.88351e-109 0 0
107461 1.76212e-07 1.76212e-07 1.76212e-07 1.76212e-07 1.76212e-07 0 0 0 0 6.86084e-109 0 0
124094 1.2928e-07 1.2928e-07 1.2928e-07 1.2928e-07 1.2928e-07 0 0 0 0 5.31078e-109 0 0
143301 9.50202e-08 9.50202e-08 9.50202e-08 9.50202e-08 9.50202e-08 0 0 0 0 4.12011e-109 0 0
165482 6.99871e-08 6.99871e-08 6.99871e-08 6.99871e-08 6.99871e-08 0 0 0 0 3.20328e-109 0 0
191095 5.16694e-08 5.16694e-08 5.16694e-08 5.16694e-08 5.16694e-08 0 0 0 0 2.49557e-109 0 0
220673 3.82407e-08 3.82407e-08 3.82407e-08 3.82407e-08 3.82407e-08 0 0 0 0 1.94795e-109 0 0
254830 2.83744e-08 2.83744e-08 2.83744e-08 2.83744e-08 2.83744e-08 0 0 0 0 1.5232e-109 0 0
294273 2.11081e-08 2.11081e-08 2.11081e-08 2.11081e-08 2.11081e-08 0 0 0 0 1.193e-109 0 0
339821 1.57429e-08 1.57429e-08 1.57429e-08 1.57429e-08 1.57429e-08 0 0 0 0 9.35769e-110 0 0
392419 1.17712e-08 1.17712e-08 1.17712e-08 1.17712e-08 1.17712e-08 0 0 0 0 7.34994e-110 0 0
453158 8.82337e-09 8.82337e-09 8.82337e-09 8.82337e-09 8.82337e-09 0 0 0 0 5.78013e-110 0 0
523299 6.62994e-09 6.62994e-09 6.62994e-09 6.62994e-09 6.62994e-09 4.35105e-17 6.38943e-13 3.39133e-13 0 4.55084e-110 0 0
604296 4.99378e-09 4.99378e-09 4.99378e-09 4.99378e-09 4.99378e-09 6.43676e-17 6.41763e-13 3.39244e-13 0 3.58686e-110 0 0
697831 3.77034e-09 3.77034e-09 3.77034e-09 3.77034e-09 3.77034e-09 8.52247e-17 6.44583e-13 3.39354e-13 0 2.82996e-110 0 0
805842 2.85331e-09 2.85331e-09 2.85331e-09 2.85331e-09 2.85331e-09 1.06082e-16 6.47404e-13 3.39464e-13 0 2.23495e-110 0 0
930572 2.16431e-09 2.16431e-09 2.16431e-09 2.16431e-09 2.16431e-09 1.26939e-16 6.50224e-13 3.39574e-13 0 1.76667e-110 0 0
1.07461e+06 1.64539e-09 1.64539e-09 1.64539e-09 1.64539e-09 1.64539e-09 1.57927e-16 6.53427e-13 3.39694e-13 0 1.39771e-110 0 0
1.24094e+06 1.25361e-09 1.25361e-09 1.25361e-09 1.25361e-09 1.25361e-09 2.06774e-16 6.54387e-13 3.39684e-13 0 1.10668e-110 0 0
1.43301e+06 9.57072e-10 9.57072e-10 9.57072e-10 9.57072e-10 9.57072e-10 2.69518e-16 6.55603e-13 3.3967e-13 0 8.76853e-111 0 0
1.65482e+06 7.3205e-10 7.3205e-10 7.3205e-10 7.3205e-10 7.3205e-10 3.50369e-16 6.57153e-13 3.39652e-13 0 6.95156e-111 0 0
1.91095e+06 5.60876e-10 5.60876e-10 5.60876e-10 5.60876e-10 5.60876e-10 4.62092e-16 6.59269e-13 3.39627e-13 0 5.51349e-111 0 0
2.20673e+06 4.30358e-10 4.30358e-10 4.30358e-10 4.30358e-10 4.30358e-10 6.02313e-16 6.61986e-13 3.39594e-13 0 4.37409e-111 0 0
2.5483e+06 3.30623e-10 3.30623e-10 3.30623e-10 3.30623e-10 3.30623e-10 7.8217e-16 6.65513e-13 3.39551e-13 0 3.47045e-111 0 0
2.94273e+06 2.54257e-10 2.54257e-10 2.54257e-10 2.54257e-10 2.54257e-10 1.01488e-15 6.70092e-13 3.39495e-13 0 2.75317e-111 0 0
3.39821e+06 1.95678e-10 1.95678e-10 1.95678e-10 1.95678e-10 1.95678e-10 1.34004e-15 6.764e-13 3.39417e-13 0 2.18339e-111 0 0
3.92419e+06 1.50673e-10 1.50673e-10 1.50673e-10 1.50673e-10 1.50673e-10 1.75596e-15 6.84546e-13 3.39314e-13 0 1.73056e-111 0 0
4.53158e+06 1.16051e-10 1.16051e-10 1.16051e-10 1.16051e-10 1.16051e-10 2.30494e-15 6.95008e-13 3.39179e-13 0 1.37056e-111 0 0
5.23299e+06 8.93872e-11 8.93872e-11 8.93872e-11 8.93872e-11 8.93872e-11 3.02385e-15 7.08276e-13 3.39002e-13 0 1.08434e-111 0 0
6.04296e+06 6.88375e-11 6.88375e-11 6.88375e-11 6.88375e-11 6.88375e-11 4.01998e-15 7.26071e-13 3.3876e-13 0 8.56836e-112 0 0
6.97831e+06 5.2992e-11 5.2992e-11 5.2992e-11 5.2992e-11 5.2992e-11 5.29196e-15 7.47213e-13 3.38439e-13 0 6.76082e-112 0 0
8.05842e+06 4.07714e-11 4.07714e-11 4.07714e-11 4.07714e-11 4.07714e-11 6.93185e-15 7.72454e-13 3.38019e-13 0 5.32586e-112 0 0
9.30572e+06 3.13473e-11 3.13473e-11 3.13473e-11 3.13473e-11 3.13473e-11 9.06871e-15 8.0066e-13 3.37469e-13 0 4.18788e-112 0 0
1.07461e+07 2.40823e-11 2.40823e-11 2.40823e-11 2.40823e-11 2.40823e-11 1.19333e-14 8.32744e-13 3.3672e-13 0 3.2866e-112 0 0
1.24094e+07 1.84849e-11 1.84849e-11 1.84849e-11 1.84849e-11 1.84849e-11 1.54329e-14 8.64789e-13 3.35732e-13 0 2.57393e-112 0 0
1.43301e+07 1.41761e-11 1.41761e-11 1.41761e-11 1.41761e-11 1.41761e-11 1.96477e-14 8.96192e-13 3.34442e-13 0 2.0114e-112 0 0
1.65482e+07 1.08625e-11 1.08625e-11 1.08625e-11 1.08625e-11 1.08625e-11 2.46148e-14 9.25288e-13 3.32762e-13 0 1.56829e-112 0 0
1.91095e+07 8.31756e-12 8.31756e-12 8.31756e-12 8.31756e-12 8.31756e-12 3.05455e-14 9.49706e-13 3.30487e-13 0 1.22e-112 0 0
2.20673e+07 6.36533e-12 6.36533e-12 6.36533e-12 6.36533e-12 6.36533e-12 3.6757e-14 9.70747e-13 3.27511e-13 0 9.46873e-113 0 0
2.5483e+07 4.8701e-12 4.8701e-12 4.8701e-12 4.8701e-12 4.8701e-12 4.34407e-14 9.85449e-13 3.23652e-13 0 7.33208e-113 0 0
2.94273e+07 3.72646e-12 3.72646e-12 3.72646e-12 3.72646e-12 3.72646e-12 5.0101e-14 9.8555e-13 3.18672e-13 0 5.66474e-113 0 0
3.39821e+07 2.85308e-12 2.85308e-12 2.85308e-12 2.85308e-12 2.85308e-12 5.66051e-14 9.68426e-13 3.12007e-13 0 4.36689e-113 0 0
3.92419e+07 2.18654e-12 2.18654e-12 2.18654e-12 2.18654e-12 2.18654e-12 6.20707e-14 9.33543e-13 3.03415e-13 0 3.35918e-113 0 0
4.53158e+07 1.67865e-12 1.67865e-12 1.67865e-12 1.67865e-12 1.67865e-12 6.67869e-14 8.86693e-13 2.92455e-13 0 2.5787e-113 0 0
5.23299e+07 1.29192e-12 1.29192e-12 1.29192e-12 1.29192e-12 1.29192e-12 7.04799e-14 8.32451e-13 2.78579e-13 0 1.97567e-113 0 0
6.04296e+07 9.97172e-13 9.97172e-13 9.97172e-13 9.97172e-13 9.97172e-13 7.25938e-14 7.66105e-13 2.60476e-13 0 1.51085e-113 0 0
6.97831e+07 7.72208e-13 7.72208e-13 7.72208e-13 7.72208e-13 7.72208e-13 7.29759e-14 6.87957e-13 2.37913e-13 0 1.15336e-113 0 0
8.05842e+07 6.00182e-13 6.00182e-13 6.00182e-13 6.00182e-13 6.00182e-13 7.17721e-14 5.9992e-13 2.10236e-13 0 8.79012e-114 0 0
9.30572e+07 4.68128e-13 4.68128e-13 4.68128e-13 4.68128e-13 4.68128e-13 6.90257e-14 5.04887e-13 1.78064e-13 0 6.68901e-114 0 0
1.07461e+08 3.66109e-13 3.66109e-13 3.66109e-13 3.66109e-13 3.66109e-13 6.47454e-14 4.08679e-13 1.44578e-13 0 5.08293e-114 26.0296 0
1.24094e+08 2.87202e-13 2.87202e-13 2.87202e-13 2.87202e-13 2.87202e-13 5.9715e-14 3.2478e-13 1.15013e-13 0 3.85743e-114 22.8675 0
1.43301e+08 2.25639e-13 2.25639e-13 2.25639e-13 2.25639e-13 2.25639e-13 5.39271e-14 2.53448e-13 9.00255e-14 0 2.92389e-114 20.0894 0
1.65482e+08 1.77197e-13 1.77197e-13 1.77197e-13 1.77197e-13 1.77197e-13 4.75512e-14 1.94733e-13 6.94177e-14 0 2.21385e-114 17.6489 0
1.91095e+08 1.38496e-13 1.38496e-13 1.38496e-13 1.38496e-13 1.38496e-13 4.05007e-14 1.45997e-13 5.22118e-14 0 1.67456e-114 15.5049 0
2.20673e+08 1.0813e-13 1.0813e-13 1.0813e-13 1.0813e-13 1.0813e-13 3.40484e-14 1.1012e-13 3.94329e-14 0 1.26548e-114 13.6213 0
2.5483e+08 8.40981e-14 8.40981e-14 8.40981e-14 8.40981e-14 8.40981e-14 2.80578e-14 8.22917e-14 2.94702e-14 0 9.55554e-115 11.9665 0
2.94273e+08 6.50819e-14 6.50819e-14 6.50819e-14 6.50819e-14 6.50819e-14 2.2655e-14 6.09693e-14 2.1829e-14 0 7.20992e-115 10.5128 0
3.39821e+08 4.98788e-14 4.98788e-14 4.98788e-14 4.98788e-14 4.98788e-14 1.76997e-14 4.45145e-14 1.59057e-14 0 5.43643e-115 9.64313 0
3.92419e+08 3.82174e-14 3.82174e-14 3.82174e-14 3.82174e-14 3.82174e-14 1.38293e-14 3.31005e-14 1.18102e-14 0 4.0967e-115 9.23566 0
4.53158e+08 2.91597e-14 2.91597e-14 2.91597e-14 2.91597e-14 2.91597e-14 1.06785e-14 2.45572e-14 8.74596e-15 0 3.08546e-115 8.84541 0
5.23299e+08 2.21271e-14 2.21271e-14 2.21271e-14 2.21271e-14 2.21271e-14 8.12541e-15 1.81825e-14 6.4631e-15 0 2.3227e-115 8.47165 0
6.04296e+08 1.67246e-14 1.67246e-14 1.67246e-14 1.67246e-14 1.67246e-14 6.12877e-15 1.33635e-14 4.73698e-15 0 1.74775e-115 8.11368 0
6.97831e+08 1.26779e-14 1.26779e-14 1.26779e-14 1.26779e-14 1.26779e-14 4.68699e-15 1.00079e-14 3.54016e-15 0 1.3146e-115 7.77084 0
8.05842e+08 9.5818e-15 9.5818e-15 9.5818e-15 9.5818e-15 9.5818e-15 3.57081e-15 7.49004e-15 2.64492e-15 0 9.88464e-116 7.44249 0
9.30572e+08 7.21588e-15 7.21588e-15 7.21588e-15 7.21588e-15 7.21588e-15 2.7073e-15 5.59765e-15 1.97474e-15 0 7.43007e-116 7.128 0
1.07461e+09 5.40477e-15 5.40477e-15 5.40477e-15 5.40477e-15 5.40477e-15 2.03267e-15 4.13824e-15 1.4593e-15 0 5.58349e-116 7.1537 0
1.24094e+09 4.06511e-15 4.06511e-15 4.06511e-15 4.06511e-15 4.06511e-15 1.55746e-15 3.1189e-15 1.09926e-15 0 4.19481e-116 7.52325 0
1.43301e+09 3.05246e-15 3.05246e-15 3.05246e-15 3.05246e-15 3.05246e-15 1.19563e-15 2.34566e-15 8.26398e-16 0 3.15083e-116 7.91189 0
1.65482e+09 2.28584e-15 2.28584e-15 2.28584e-15 2.28584e-15 2.28584e-15 9.16098e-16 1.75971e-15 6.19788e-16 0 2.36622e-116 8.32062 0
1.91095e+09 1.70275e-15 1.70275e-15 1.70275e-15 1.70275e-15 1.70275e-15 6.94891e-16 1.30338e-15 4.58745e-16 0 1.77668e-116 8.75045 0
2.20673e+09 1.27426e-15 1.27426e-15 1.27426e-15 1.27426e-15 1.27426e-15 5.36355e-16 9.84444e-16 3.4638e-16 0 1.33383e-116 9.20249 0
2.5483e+09 9.51753e-16 9.51753e-16 9.51753e-16 9.51753e-16 9.51753e-16 4.12826e-16 7.41622e-16 2.6092e-16 0 1.00123e-116 9.67789 0
2.94273e+09 7.09236e-16 7.09236e-16 7.09236e-16 7.09236e-16 7.09236e-16 3.16388e-16 5.57065e-16 1.95995e-16 0 7.51471e-117 10.1778 0
3.39821e+09 5.25274e-16 5.25274e-16 5.25274e-16 5.25274e-16 5.25274e-16 2.39008e-16 4.13041e-16 1.45293e-16 0 5.63959e-117 10.7036 0
3.92419e+09 3.91376e-16 3.91376e-16 3.91376e-16 3.91376e-16 3.91376e-16 1.83804e-16 3.11917e-16 1.0975e-16 0 4.23197e-117 11.2566 0
4.53158e+09 2.90566e-16 2.90566e-16 2.90566e-16 2.90566e-16 2.90566e-16 1.40873e-16 2.34782e-16 8.26524e-17 0 3.17543e-117 11.8381 0
5.23299e+09 2.12276e-16 2.12276e-16 2.12276e-16 2.12276e-16 2.12276e-16 1.07529e-16 1.76089e-16 6.20299e-17 0 2.38249e-117 12.4496 0
6.04296e+09 1.42487e-16 1.42487e-16 1.42487e-16 1.42487e-16 1.42487e-16 8.07644e-17 1.30447e-16 4.59603e-17 0 1.78745e-117 13.0927 0
6.97831e+09 7.40981e-17 7.40981e-17 7.40981e-17 7.40981e-17 7.40981e-17 6.18485e-17 9.83775e-17 3.46623e-17 0 1.34094e-117 13.7691 0
8.05842e+09 2.55993e-17 2.55993e-17 2.55993e-17 2.55993e-17 2.55993e-17 4.7198e-17 7.40067e-17 2.60653e-17 0 1.00592e-117 14.4804 0
9.30572e+09 7.09097e-18 7.09097e-18 7.09097e-18 7.09097e-18 7.09097e-18 3.5801e-17 5.55306e-17 1.9546e-17 0 7.54575e-118 15.2284 0
1.07461e+10 1.97376e-18 1.97376e-18 1.97376e-18 1.97376e-18 1.97376e-18 2.67684e-17 4.12065e-17 1.75382e-17 0 5.66008e-118 17.0866 0
1.24094e+10 6.0965e-19 6.0965e-19 6.0965e-19 6.0965e-19 6.0965e-19 2.03312e-17 3.11407e-17 1.41374e-17 0 4.24549e-118 20.4541 0
1.43301e+10 2.09757e-19 2.09757e-19 2.09757e-19 2.09757e-19 2.09757e-19 1.5356e-17 2.3477e-17 1.12977e-17 0 3.18435e-118 24.4853 0
1.65482e+10 7.99267e-20 7.99267e-20 7.99267e-20 7.99267e-20 7.99267e-20 1.1561e-17 1.76488e-17 8.99109e-18 0 2.38837e-118 29.311 0
1.91095e+10 3.31383e-20 3.31383e-20 3.31383e-20 3.31383e-20 3.31383e-20 8.5697e-18 1.30872e-17 7.21331e-18 0 1.79132e-118 35.0877 0
2.20673e+10 1.50472e-20 1.50472e-20 1.50472e-20 1.50472e-20 1.50472e-20 6.47246e-18 9.89036e-18 5.76059e-18 0 1.3435e-118 42.003 34.7254
2.5483e+10 7.32435e-21 7.32435e-21 7.32435e-21 7.32435e-21 7.32435e-21 4.87335e-18 7.45257e-18 4.61705e-18 0 1.00761e-118 50.2812 22.9578
2.94273e+10 3.78741e-21 3.78741e-21 3.78741e-21 3.78741e-21 3.78741e-21 3.66001e-18 5.59848e-18 3.6583e-18 0 7.55684e-119 60.1909 15.5417
3.39821e+10 2.04824e-21 2.04824e-21 2.04824e-21 2.04824e-21 2.04824e-21 2.70778e-18 4.14373e-18 2.8918e-18 0 5.66738e-119 72.0536 10.7604
3.92419e+10 1.17533e-21 1.17533e-21 1.17533e-21 1.17533e-21 1.17533e-21 2.04798e-18 3.1313e-18 2.27873e-18 0 4.2503e-119 86.2542 7.61059
4.53158e+10 7.01482e-22 7.01484e-22 7.01484e-22 7.01484e-22 7.01484e-22 1.54598e-18 2.36079e-18 1.78792e-18 0 3.18752e-119 103.254 5.49245
5.23299e+10 4.33242e-22 4.33245e-22 4.33245e-22 4.33245e-22 4.33245e-22 1.16522e-18 1.77527e-18 1.42075e-18 0 2.39046e-119 123.603 4.04008
6.04296e+10 2.73441e-22 2.73445e-22 2.73445e-22 2.73445e-22 2.73445e-22 8.6639e-19 1.31502e-18 1.0684e-18 0 1.79269e-119 147.964 3.02568
6.97831e+10 1.79854e-22 1.79858e-22 1.79858e-22 1.79858e-22 1.79858e-22 6.58063e-19 9.95282e-19 8.46979e-19 0 1.3444e-119 177.125 2.3047
8.05842e+10 1.21046e-22 1.2105e-22 1.2105e-22 1.2105e-22 1.2105e-22 4.98587e-19 7.51576e-19 6.5637e-19 0 1.0082e-119 212.034 1.78376
9.30572e+10 8.31434e-23 8.31473e-23 8.31473e-23 8.31473e-23 8.31473e-23 3.76774e-19 5.66008e-19 4.96362e-19 0 7.56074e-120 253.823 1.40144
1.07461e+11 5.7567e-23 5.75708e-23 5.75708e-23 5.75708e-23 5.75708e-23 2.80301e-19 4.19529e-19 3.87334e-19 0 5.66995e-120 303.847 1.11671
1.24094e+11 4.12202e-23 4.1224e-23 4.1224e-23 4.1224e-23 4.1224e-23 2.12749e-19 3.17698e-19 2.89814e-19 0 4.25199e-120 363.731 0.901709
1.43301e+11 2.99458e-23 2.99495e-23 2.99495e-23 2.99495e-23 2.99495e-23 1.60974e-19 2.39951e-19 2.21738e-19 0 3.18862e-120 435.417 0.737233
1.65482e+11 2.20308e-23 2.20345e-23 2.20345e-23 2.20345e-23 2.20345e-23 1.21378e-19 1.80678e-19 1.7262e-19 0 2.39119e-120 521.231 0.609868
1.91095e+11 1.62142e-23 1.62179e-23 1.62179e-23 1.62179e-23 1.62179e-23 9.00603e-20 1.33812e-19 1.23074e-19 0 1.79317e-120 623.958 0.510106
2.20673e+11 1.2298e-23 1.23017e-23 1.23017e-23 1.23017e-23 1.23017e-23 6.82156e-20 1.01265e-19 9.61594e-20 0 1.34471e-120 746.931 0.431129
2.5483e+11 9.41374e-24 9.41745e-24 9.41745e-24 9.41745e-24 9.41745e-24 5.15177e-20 7.64221e-20 7.21472e-20 0 1.00841e-120 894.14 0.367983
2.94273e+11 7.26276e-24 7.26647e-24 7.26647e-24 7.26647e-24 7.26647e-24 3.87884e-20 5.74914e-20 5.25456e-20 0 7.5621e-121 1070.36 0.317029
3.39821e+11 5.57417e-24 5.57781e-24 5.57781e-24 5.57781e-24 5.57781e-24 2.87448e-20 4.25251e-20 4.04015e-20 0 5.67084e-121 0 0.275565
3.92419e+11 4.39835e-24 4.40199e-24 4.40199e-24 4.40199e-24 4.40199e-24 2.17551e-20 3.2147e-20 2.91746e-20 0 4.25257e-121 0 0.241562
4.53158e+11 3.48776e-24 3.49136e-24 3.49136e-24 3.49136e-24 3.49136e-24 1.64173e-20 2.42309e-20 2.17733e-20 0 3.18901e-121 0 0.213483
5.23299e+11 2.77644e-24 2.77996e-24 2.77996e-24 2.77996e-24 2.77996e-24 1.23509e-20 1.82036e-20 1.66448e-20 0 2.39144e-121 0 0.190154
6.04296e+11 2.18945e-24 2.1928e-24 2.1928e-24 2.1928e-24 2.1928e-24 9.14171e-21 1.34404e-20 1.1434e-20 0 1.79334e-121 0 0.170669
6.97831e+11 1.77126e-24 1.77447e-24 1.77447e-24 1.77447e-24 1.77447e-24 6.91179e-21 1.01434e-20 8.78649e-21 0 1.34482e-121 0 0.154323
8.05842e+11 1.4358e-24 1.43882e-24 1.43882e-24 1.43882e-24 1.43882e-24 5.21009e-21 7.63122e-21 6.45109e-21 0 1.00848e-121 0 0.140565
9.30572e+11 1.16533e-24 1.16811e-24 1.16811e-24 1.16811e-24 1.16811e-24 3.91474e-21 5.72083e-21 4.60182e-21 0 7.56256e-122 0 0.12896
1.07461e+12 9.34097e-25 9.36576e-25 9.36576e-25 9.36576e-25 9.36576e-25 2.89254e-21 4.21228e-21 3.46043e-21 0 5.67115e-122 0 0.119166
1.24094e+12 7.67204e-25 7.69425e-25 7.69425e-25 7.69425e-25 7.69425e-25 2.18359e-21 3.1708e-21 2.44281e-21 0 4.25277e-122 0 0.110908
1.43301e+12 6.30162e-25 6.32119e-25 6.32119e-25 6.32119e-25 6.32119e-25 1.64314e-21 2.37857e-21 1.80585e-21 0 3.18914e-122 0 0.103969
1.65482e+12 5.17329e-25 5.19026e-25 5.19026e-25 5.19026e-25 5.19026e-25 1.2322e-21 1.77725e-21 1.35144e-21 0 2.39152e-122 0 0.098177
1.91095e+12 4.18569e-25 4.20002e-25 4.20002e-25 4.20002e-25 4.20002e-25 9.08107e-22 1.30304e-21 9.10786e-22 0 1.79339e-122 0 0.0933933
2.20673e+12 3.46756e-25 3.47984e-25 3.47984e-25 3.47984e-25 3.47984e-25 6.83878e-22 9.76926e-22 6.91408e-22 0 1.34486e-122 0 0.0895108
2.5483e+12 2.86894e-25 2.87937e-25 2.87937e-25 2.87937e-25 2.87937e-25 5.13219e-22 7.2955e-22 5.00113e-22 0 1.0085e-122 0 0.0864461
2.94273e+12 2.36945e-25 2.37826e-25 2.37826e-25 2.37826e-25 2.37826e-25 3.83695e-22 5.42367e-22 3.52315e-22 0 7.56272e-123 0 0.0841374
3.39821e+12 1.92498e-25 1.93231e-25 1.93231e-25 1.93231e-25 1.93231e-25 2.81636e-22 3.95025e-22 2.60424e-22 0 5.67125e-123 0 0.082541
3.92419e+12 1.60079e-25 1.60706e-25 1.60706e-25 1.60706e-25 1.60706e-25 2.11298e-22 2.9436e-22 1.81734e-22 0 4.25284e-123 0 0.08163
4.53158e+12 1.32795e-25 1.33333e-25 1.33333e-25 1.33333e-25 1.33333e-25 1.57899e-22 2.18332e-22 1.32209e-22 0 3.18919e-123 0 0.0813928
5.23299e+12 1.09842e-25 1.10304e-25 1.10304e-25 1.10304e-25 1.10304e-25 1.17487e-22 1.611e-22 9.69849e-23 0 2.39155e-123 0 0.0818329
6.04296e+12 8.91868e-26 8.95784e-26 8.95784e-26 8.95784e-26 8.95784e-26 8.56957e-23 1.16172e-22 6.49776e-23 0 1.79341e-123 0 0.0829683
6.97831e+12 7.41318e-26 7.44721e-26 7.44721e-26 7.44721e-26 7.44721e-26 6.39184e-23 8.57962e-23 4.85367e-23 0 1.34487e-123 0 0.0848322
8.05842e+12 6.13995e-26 6.16951e-26 6.16951e-26 6.16951e-26 6.16951e-26 4.74529e-23 6.30134e-23 3.43487e-23 0 1.00851e-123 0 0.0874729
9.30572e+12 5.06461e-26 5.09029e-26 5.09029e-26 5.09029e-26 5.09029e-26 3.50491e-23 4.5992e-23 2.39016e-23 0 7.56278e-124 0 0.0909553
1.07461e+13 4.08948e-26 4.1115e-26 4.1115e-26 4.1115e-26 4.1115e-26 2.53173e-23 3.27037e-23 1.7086e-23 0 5.67129e-124 0 0.0953611
1.24094e+13 3.38207e-26 3.40169e-26 3.40169e-26 3.40169e-26 3.40169e-26 1.87164e-23 2.38655e-23 1.18789e-23 0 4.25287e-124 0 0.10079
1.43301e+13 2.78308e-26 2.80088e-26 2.80088e-26 2.80088e-26 2.80088e-26 1.37582e-23 1.72988e-23 8.4618e-24 0 3.1892e-124 0 0.10736
1.65482e+13 2.27698e-26 2.2936e-26 2.2936e-26 2.2936e-26 2.2936e-26 1.00503e-23 1.24582e-23 6.05171e-24 0 2.39156e-124 0 0.115206
1.91095e+13 1.81579e-26 1.83166e-26 1.83166e-26 1.83166e-26 1.83166e-26 7.15445e-24 8.69954e-24 3.98832e-24 0 1.79342e-124 0 0.12448
2.20673e+13 1.48404e-26 1.50048e-26 1.50048e-26 1.50048e-26 1.50048e-26 5.22086e-24 6.2632e-24 2.88596e-24 0 1.34488e-124 0 0.135345
2.5483e+13 1.20363e-26 1.22151e-26 1.22151e-26 1.22151e-26 1.22151e-26 3.78362e-24 4.47762e-24 2.01618e-24 0 1.00851e-124 0 0.147968
2.94273e+13 9.67471e-27 9.87541e-27 9.87541e-27 9.87541e-27 9.87541e-27 2.72151e-24 3.18171e-24 1.38499e-24 0 7.5628e-125 0 0.162507
3.39821e+13 7.52491e-27 7.74566e-27 7.74566e-27 7.74566e-27 7.74566e-27 1.89807e-24 2.18777e-24 9.38792e-25 0 5.6713e-125 0 0.179093
3.92419e+13 6.0063e-27 6.25288e-27 6.25288e-27 6.25288e-27 6.25288e-27 1.3618e-24 1.55842e-24 6.53349e-25 0 4.25287e-125 0 0.197804
4.53158e+13 4.74565e-27 5.01181e-27 5.01181e-27 5.01181e-27 5.01181e-27 9.69628e-25 1.10483e-24 4.58384e-25 0 3.18921e-125 0 0.218621
5.23299e+13 3.71132e-27 3.98707e-27 3.98707e-27 3.98707e-27 3.98707e-27 6.84942e-25 7.81798e-25 3.22331e-25 0 2.39157e-125 0 0.241387
6.04296e+13 2.79533e-27 3.06157e-27 3.06157e-27 3.06157e-27 3.06157e-27 4.66833e-25 5.34097e-25 2.10153e-25 0 1.79342e-125 0 0.265741
6.97831e+13 2.17764e-27 2.43508e-27 2.43508e-27 2.43508e-27 2.43508e-27 3.29454e-25 3.8165e-25 1.5039e-25 0 1.34488e-125 0 0.291055
8.05842e+13 1.68298e-27 1.92343e-27 1.92343e-27 1.92343e-27 1.92343e-27 2.30828e-25 2.71163e-25 1.04189e-25 0 1.00852e-125 0 0.316368
9.30572e+13 1.2865e-27 1.50744e-27 1.50744e-27 1.50744e-27 1.50744e-27 1.60422e-25 1.92774e-25 7.271e-26 0 7.5628e-126 0 0.340344
1.07461e+14 9.33253e-28 1.13731e-27 1.13731e-27 1.13731e-27 1.13731e-27 1.07304e-25 1.34109e-25 5.04842e-26 0 5.6713e-126 0 0
1.24094e+14 6.68418e-28 8.90804e-28 8.90804e-28 8.90804e-28 8.90804e-28 7.44998e-26 9.7021e-26 3.55563e-26 0 4.25288e-126 0 0
1.43301e+14 4.13663e-28 6.92074e-28 6.92074e-28 6.92074e-28 6.92074e-28 5.12984e-26 6.97255e-26 2.56346e-26 0 3.18921e-126 0 0
1.65482e+14 1.85909e-28 5.32706e-28 5.32706e-28 5.32706e-28 5.32706e-28 3.49931e-26 5.04957e-26 1.85502e-26 0 2.39157e-126 0 0
1.91095e+14 4.43673e-29 3.92978e-28 3.92978e-28 3.92978e-28 3.92978e-28 2.28768e-26 3.57944e-26 1.29685e-26 0 1.79342e-126 0 0
2.20673e+14 4.18225e-30 3.01391e-28 3.01391e-28 3.01391e-28 3.01391e-28 1.55492e-26 2.60126e-26 9.57496e-27 0 1.34488e-126 0 0
2.5483e+14 9.70341e-32 2.28328e-28 2.28328e-28 2.28328e-28 2.28328e-28 1.04407e-26 1.85671e-26 6.90447e-27 0 1.00852e-126 0 0
2.94273e+14 3.7843e-34 1.70507e-28 1.70507e-28 1.70507e-28 1.70507e-28 6.91169e-27 1.32439e-26 4.949e-27 0 7.5628e-127 0 0
3.39821e+14 1.86317e-37 1.20079e-28 1.20079e-28 1.20079e-28 1.20079e-28 4.31612e-27 8.98268e-27 3.44487e-27 0 5.6713e-127 0 0
3.92419e+14 1.23186e-41 8.77738e-29 8.77738e-29 8.77738e-29 8.77738e-29 2.79847e-27 6.22324e-27 2.50066e-27 0 4.25288e-127 0 0
4.53158e+14 1.25447e-46 6.25175e-29 6.25175e-29 6.25175e-29 6.25175e-29 1.7688e-27 4.1044e-27 1.72987e-27 0 3.18921e-127 0 0
5.23299e+14 2.95808e-52 4.31702e-29 4.31702e-29 4.31702e-29 4.31702e-29 1.08448e-27 2.78582e-27 1.15247e-27 0 2.39157e-127 0 0
6.04296e+14 2.64022e-58 2.68134e-29 2.68134e-29 2.68134e-29 2.68134e-29 5.9846e-28 1.71783e-27 7.65627e-28 0 1.79342e-127 0 0
6.97831e+14 1.96219e-64 1.73261e-29 1.73261e-29 1.73261e-29 1.73261e-29 3.43852e-28 1.0659e-27 4.85964e-28 0 1.34488e-127 0 0
8.05842e+14 2.11346e-70 1.06675e-29 1.06675e-29 1.06675e-29 1.06675e-29 1.88419e-28 6.17238e-28 2.96587e-28 0 1.00852e-127 0 0
9.30572e+14 5.77541e-76 6.15047e-30 6.15047e-30 6.15047e-30 6.15047e-30 9.679e-29 3.55686e-28 1.6827e-28 0 7.56281e-128 0 0
1.07461e+15 5.36325e-81 2.78415e-30 2.78415e-30 2.78415e-30 2.78415e-30 3.90855e-29 1.78545e-28 9.61187e-29 0 5.6713e-128 0 0
1.24094e+15 3.27675e-85 1.36772e-30 1.36772e-30 1.36772e-30 1.36772e-30 1.71529e-29 9.09496e-29 4.99385e-29 0 4.25288e-128 0 0
1.43301e+15 1.32233e-88 5.98699e-31 5.98699e-31 5.98699e-31 5.98699e-31 6.71836e-30 4.26341e-29 2.44715e-29 0 3.18921e-128 0 0
1.65482e+15 3.7654e-91 2.31489e-31 2.31489e-31 2.31489e-31 2.31489e-31 2.32857e-30 2.04301e-29 1.23073e-29 0 2.39157e-128 0 0
1.91095e+15 4.0103e-93 4.33095e-32 4.33095e-32 4.33095e-32 4.33095e-32 3.91314e-31 8.90388e-30 5.14462e-30 0 1.79342e-128 0 0
2.20673e+15 3.98126e-94 1.09926e-32 1.09926e-32 1.09926e-32 1.09926e-32 8.94137e-32 2.63209e-30 2.19104e-30 0 1.34488e-128 0 0
2.5483e+15 1.67538e-94 2.05821e-33 2.05821e-33 2.05821e-33 2.05821e-33 1.5109e-32 1.34783e-30 5.32242e-31 0 1.00852e-128 0 0
2.94273e+15 2.06583e-94 2.44255e-34 2.44255e-34 2.44255e-34 2.44255e-34 1.62259e-33 3.53094e-31 1.29904e-31 0 7.56281e-129 0 0
3.39821e+15 2.35156e-94 7.3354e-36 7.3354e-36 7.3354e-36 7.3354e-36 4.42275e-35 7.4985e-32 3.74925e-32 0 5.6713e-129 0 0
3.92419e+15 1.1304e-93 3.24395e-37 3.24395e-37 3.24395e-37 3.24395e-37 1.78087e-36 1.0223e-38 6.4934e-32 0 4.25288e-129 0 0
4.53158e+15 0 0 0 0 0 0 0 0 0 3.18921e-129 0 0
5.23299e+15 0 0 0 0 0 0 0 0 0 2.39157e-129 0 0
6.04296e+15 0 0 0 0 0 0 0 0 0 1.79342e-129 0 0
6.97831e+15 0 0 0 0 0 0 0 0 0 1.34488e-129 0 0
8.05842e+15 0 0 0 0 0 0 0 0 0 1.00852e-129 0 0
9.30572e+15 0 0 0 0 0 0 0 0 0 7.56281e-130 0 0
1.07461e+16 0 0 0 0 0 0 0 0 0 5.6713e-130 0 0
1.24094e+16 0 0 0 0 0 0 0 0 0 4.25288e-130 0 0
1.43301e+16 0 0 0 0 0 0 0 0 0 3.18921e-130 0 0
1.65482e+16 0 0 0 0 0 0 0 0 0 2.39157e-130 0 0
1.91095e+16 0 0 0 0 0 0 0 0 0 1.79342e-130 0 0
2.20673e+16 0 0 0 0 0 0 0 0 0 1.34488e-130 0 0
2.5483e+16 0 0 0 0 0 0 0 0 0 1.00852e-130 0 0
2.94273e+16 0 0 0 0 0 0 0 0 0 7.56281e-131 0 0
3.39821e+16 0 0 0 0 0 0 0 0 0 5.6713e-131 0 0
3.92419e+16 0 0 0 0 0 0 0 0 0 4.25288e-131 0 0
4.53158e+16 0 0 0 0 0 0 0 0 0 3.18921e-131 0 0
5.23299e+16 0 0 0 0 0 0 0 0 0 2.39157e-131 0 0
6.04296e+16 0 0 0 0 0 0 0 0 0 1.79342e-131 0 0
6.97831e+16 0 0 0 0 0 0 0 0 0 1.34488e-131 0 0
8.05842e+16 0 0 0 0 0 0 0 0 0 1.00852e-131 0 0
9.30572e+16 0 0 0 0 0 0 0 0 0 7.56281e-132 0 0


