1.07461e-07 42.7009 42.7009 42.7009 180556 1.8645e+12 0 0 0 0 0.000382337 0 0
1.24094e-07 150.275 150.275 150.275 207503 1.62686e+12 0 0 0 0 0.000441516 0 0
1.43301e-07 456.177 456.177 456.177 238990 1.41833e+12 0 0 0 0 0.000509855 0 0
1.65482e-07 1218.8 1218.8 1218.8 275870 1.2354e+12 0 0 0 0 0.000588771 0 0
1.91095e-07 2916.47 2916.47 2916.47 319158 1.075e+12 0 0 0 0 0.000679902 0 0
2.20673e-07 6345.04 6345.04 6345.04 370053 9.3445e+11 0 0 0 0 0.000785139 0 0
2.5483e-07 12714.6 12714.6 12714.6 429980 8.11366e+11 0 0 0 0 0.000906664 0 0
2.94273e-07 23732.1 23732.1 23732.1 500635 7.03657e+11 0 0 0 0 0.001047 0 0
3.39821e-07 41663 41663 41663 584047 6.09474e+11 0 0 0 0 0.00120906 0 0
3.92419e-07 69373.6 69373.6 69373.6 682642 5.27189e+11 0 0 0 0 0.0013962 0 0
4.53158e-07 110361 110361 110361 799314 4.55367e+11 0 0 0 0 0.0016123 0 0
5.23299e-07 168784 168784 168784 937509 3.92742e+11 0 0 0 0 0.00186186 0 0
6.04296e-07 249508 249508 249508 1.10133e+06 3.38197e+11 0 0 0 0 0.00215004 0 0
6.97831e-07 358177 358177 358177 1.29569e+06 2.90749e+11 0 0 0 0 0.00248283 0 0
8.05842e-07 501327 501327 501327 1.52644e+06 2.49526e+11 0 0 0 0 0.00286712 0 0
9.30572e-07 686534 686534 686534 1.80055e+06 2.13763e+11 0 0 0 0 0.0033109 0 0
1.07461e-06 922623 922623 922623 2.12638e+06 1.82782e+11 0 0 0 0 0.00382337 0 0
1.24094e-06 1.21993e+06 1.21993e+06 1.21993e+06 2.51391e+06 1.55987e+11 0 0 0 0 0.00441516 0 0
1.43301e-06 1.59064e+06 1.59064e+06 1.59064e+06 2.97507e+06 1.32852e+11 0 0 0 0 0.00509854 0 0
1.65482e-06 2.04918e+06 2.04918e+06 2.04918e+06 3.52417e+06 1.12912e+11 0 0 0 0 0.00588771 0 0
1.91095e-06 2.6127e+06 2.6127e+06 2.6127e+06 4.17835e+06 9.57575e+10 0 0 0 0 0.00679902 0 0
2.20673e-06 3.30173e+06 3.30173e+06 3.30173e+06 4.9582e+06 8.10294e+10 0 0 0 0 0.00785138 0 0
2.5483e-06 4.14083e+06 4.14083e+06 4.14083e+06 5.88847e+06 6.84106e+10 0 0 0 0 0.00906664 0 0
2.94273e-06 5.15957e+06 5.15957e+06 5.15957e+06 6.99894e+06 5.76222e+10 0 0 0 0 0.01047 0 0
3.39821e-06 6.39354e+06 6.39354e+06 6.39354e+06 8.32551e+06 4.84195e+10 0 0 0 0 0.0120906 0 0
3.92419e-06 7.88571e+06 7.88571e+06 7.88571e+06 9.91153e+06 4.05879e+10 0 0 0 0 0.0139619 0 0
4.53158e-06 9.68807e+06 9.68807e+06 9.68807e+06 1.18094e+07 3.39391e+10 0 0 0 0 0.016123 0 0
5.23299e-06 1.18636e+07 1.18636e+07 1.18636e+07 1.40825e+07 2.83087e+10 0 0 0 0 0.0186186 0 0
6.04296e-06 1.44886e+07 1.44886e+07 1.44886e+07 1.68078e+07 2.35528e+10 0 0 0 0 0.0215004 0 0
6.97831e-06 1.7656e+07 1.7656e+07 1.7656e+07 2.00786e+07 1.95462e+10 0 0 0 0 0.0248282 0 0
8.05842e-06 2.14787e+07 2.14787e+07 2.14787e+07 2.40085e+07 1.61798e+10 0 0 0 0 0.0286712 0 0
9.30572e-06 2.60943e+07 2.60943e+07 2.60943e+07 2.87355e+07 1.33591e+10 0 0 0 0 0.033109 0 0
1.07461e-05 3.16703e+07 3.16703e+07 3.16703e+07 3.44282e+07 1.1002e+10 0 0 0 0 0.0382336 0 0
1.24094e-05 3.84116e+07 3.84116e+07 3.84116e+07 4.12918e+07 9.03792e+09 0 0 0 0 0.0441515 0 0
1.43301e-05 4.65683e+07 4.65683e+07 4.65683e+07 4.95773e+07 7.40582e+09 0 0 0 0 0.0509854 0 0
1.65482e-05 5.64461e+07 5.64461e+07 5.64461e+07 5.95911e+07 6.0534e+09 0 0 0 0 0.0588769 0 0
1.91095e-05 6.8419e+07 6.8419e+07 6.8419e+07 7.17081e+07 4.93584e+09 0 0 0 0 0.06799 0 0
2.20673e-05 8.29449e+07 8.29449e+07 8.29449e+07 8.63869e+07 4.0149e+09 0 0 0 0 0.0785136 0 0
2.5483e-05 1.00584e+08 1.00584e+08 1.00584e+08 1.04189e+08 3.25808e+09 0 0 0 0 0.0906661 0 0
2.94273e-05 1.22023e+08 1.22023e+08 1.22023e+08 1.25801e+08 2.63779e+09 0 0 0 0 0.104699 0 0
3.39821e-05 1.48103e+08 1.48103e+08 1.48103e+08 1.52066e+08 2.13075e+09 0 0 0 0 0.120905 0 0
3.92419e-05 1.79837e+08 1.79837e+08 1.79837e+08 1.83997e+08 1.71737e+09 0 0 0 0 0.139619 0 0
4.53158e-05 2.18089e+08 2.18089e+08 2.18089e+08 2.2245e+08 1.38118e+09 0 0 0 0 0.161229 0 0
5.23299e-05 2.61293e+08 2.61293e+08 2.61293e+08 2.65811e+08 1.10846e+09 0 0 0 0 0.186184 0 0
6.04296e-05 3.01625e+08 3.01625e+08 3.01625e+08 3.06137e+08 8.87753e+08 0 0 0 0 0.215002 0 0
6.97831e-05 3.27107e+08 3.27107e+08 3.27107e+08 3.3134e+08 7.09555e+08 0 0 0 0 0.24828 0 0
8.05842e-05 3.30163e+08 3.30163e+08 3.30163e+08 3.33859e+08 5.66006e+08 0 0 0 0 0.286709 0 0
9.30572e-05 3.11999e+08 3.11999e+08 3.11999e+08 3.15022e+08 4.50623e+08 0 0 0 0 0.331086 0 0
0.000107461 2.79582e+08 2.79582e+08 2.79582e+08 2.81926e+08 3.5808e+08 0 0 0 0 0.382331 0 0
0.000124094 2.40749e+08 2.40749e+08 2.40749e+08 2.42496e+08 2.84009e+08 0 0 0 0 0.441508 0 0
0.000143301 2.01445e+08 2.01445e+08 2.01445e+08 2.0271e+08 2.24844e+08 0 0 0 0 0.509844 0 0
0.000165482 1.65172e+08 1.65172e+08 1.65172e+08 1.6607e+08 1.77681e+08 0 0 0 0 0.588757 0 0
0.000191095 1.33513e+08 1.33513e+08 1.33513e+08 1.34141e+08 1.40157e+08 0 0 0 0 0.679883 0 0
0.000220673 1.06837e+08 1.06837e+08 1.06837e+08 1.07272e+08 1.1036e+08 0 0 0 0 0.785113 0 0
0.00025483 8.48711e+07 8.48711e+07 8.48711e+07 8.51705e+07 8.67435e+07 0 0 0 0 0.90663 0 0
0.000294273 6.70599e+07 6.70599e+07 6.70599e+07 6.72647e+07 6.80611e+07 0 0 0 0 1.04695 0 0
0.000339821 5.27687e+07 5.27687e+07 5.27687e+07 5.29082e+07 5.33093e+07 0 0 0 0 1.209 0 0
0.000392419 4.1387e+07 4.1387e+07 4.1387e+07 4.14817e+07 4.16827e+07 0 0 0 0 1.39612 0 0
0.000453158 3.23718e+07 3.23718e+07 3.23718e+07 3.24359e+07 3.25363e+07 0 0 0 0 1.6122 0 0
0.000523299 2.52609e+07 2.52609e+07 2.52609e+07 2.53043e+07 2.53541e+07 0 0 0 0 1.86171 0 0
0.000604296 1.96709e+07 1.96709e+07 1.96709e+07 1.97001e+07 1.97248e+07 0 0 0 0 2.14985 0 0
0.000697831 1.52888e+07 1.52888e+07 1.52888e+07 1.53085e+07 1.53207e+07 0 0 0 0 2.48257 0 0
0.000805842 1.18622e+07 1.18622e+07 1.18622e+07 1.18754e+07 1.18814e+07 0 0 0 0 2.86679 0 0
0.000930572 9.1886e+06 9.1886e+06 9.1886e+06 9.19747e+06 9.2004e+06 0 0 0 0 3.31045 0 0
0.00107461 7.10689e+06 7.10689e+06 7.10689e+06 7.11282e+06 7.11425e+06 0 0 0 0 3.82277 0 0
0.00124094 5.48916e+06 5.48916e+06 5.48916e+06 5.49313e+06 5.49382e+06 0 0 0 0 4.41436 0 0
0.00143301 4.23429e+06 4.23429e+06 4.23429e+06 4.23695e+06 4.23728e+06 0 0 0 0 5.09748 0 0
0.00165482 3.26259e+06 3.26259e+06 3.26259e+06 3.26436e+06 3.26453e+06 0 0 0 0 5.88629 0 0
0.00191095 2.51138e+06 2.51138e+06 2.51138e+06 2.51256e+06 2.51264e+06 0 0 0 0 6.79713 0 0
0.00220673 1.93151e+06 1.93151e+06 1.93151e+06 1.9323e+06 1.93234e+06 0 0 0 0 7.84886 0 0
0.0025483 1.48453e+06 1.48453e+06 1.48453e+06 1.48505e+06 1.48507e+06 0 0 0 0 9.06327 0 0
0.00294273 1.14041e+06 1.14041e+06 1.14041e+06 1.14076e+06 1.14077e+06 0 0 0 0 10.4655 0 0
0.00339821 875771 875771 875771 876002 876010 0 0 0 0 12.0846 0 0
0.00392419 672456 672456 672456 672610 672613 0 0 0 0 13.954 0 0
0.00453158 516368 516368 516368 516470 516472 0 0 0 0 16.1124 0 0
0.00523299 396606 396606 396606 396674 396675 0 0 0 0 18.6044 0 0
0.00604296 304750 304750 304750 304795 304796 0 0 0 0 21.4815 0 0
0.00697831 234311 234311 234311 234341 234341 0 0 0 0 24.803 0 0
0.00805842 180294 180294 180294 180314 180314 0 0 0 0 28.6376 0 0
0.00930572 138862 138862 138862 138875 138875 0 0 0 0 33.0641 0 0
0.0107461 107069 107069 107069 107078 107078 0 0 0 0 38.1738 0 0
0.0124094 82660 82660 82660 82666 82666 0 0 0 0 44.0718 0 0
0.0143301 63904.5 63904.5 63904.5 63908.5 63908.5 0 0 0 0 50.879 0 0
0.0165482 49479.7 49479.7 49479.7 49482.4 49482.4 0 0 0 0 58.7352 0 0
0.0191095 38373.6 38373.6 38373.6 38375.4 38375.4 0 0 0 0 67.801 0 0
0.0220673 29811.8 29811.8 29811.8 29813 29813 0 0 0 0 78.2616 0 0
0.025483 23202.2 23202.2 23202.2 23203 23203 0 0 0 0 90.3301 0 0
0.0294273 18092 18092 18092 18092.5 18092.5 0 0 0 0 104.252 0 0
0.0339821 14134.5 14134.5 14134.5 14134.8 14134.8 0 0 0 0 120.308 0 0
0.0392419 11064.3 11064.3 11064.3 11064.6 11064.6 0 0 0 0 138.823 0 0
0.0453158 8678.18 8678.18 8678.18 8678.35 8678.35 0 0 0 0 160.168 0 0
0.0523299 6820.13 6820.13 6820.13 6820.25 6820.25 0 0 0 0 184.769 0 0
0.0604296 5370.46 5370.46 5370.46 5370.54 5370.54 0 0 0 0 213.116 0 0
0.0697831 4237.14 4237.14 4237.14 4237.19 4237.19 0 0 0 0 245.766 0 0
0.0805842 3349.34 3349.34 3349.34 3349.38 3349.38 0 0 0 0 283.358 0 0
0.0930572 2652.46 2652.46 2652.46 2652.49 2652.49 0 0 0 0 326.62 0 0
0.107461 2104.32 2104.32 2104.32 2104.34 2104.34 0 0 0 0 376.38 0 0
0.124094 1672.3 1672.3 1672.3 1672.32 1672.32 0 0 0 0 433.579 0 0
0.143301 1331.13 1331.13 1331.13 1331.14 1331.14 0 0 0 0 499.28 0 0
0.165482 1061.18 1061.18 1061.18 1061.18 1061.18 0 0 0 0 574.685 0 0
0.191095 847.163 847.163 847.163 847.167 847.167 0 0 0 0 661.142 0 0
0.220673 677.186 677.186 677.186 677.189 677.189 0 0 0 0 760.158 0 0
0.25483 541.945 541.945 541.945 541.946 541.946 0 0 0 0 873.407 0 0
0.294273 434.159 434.159 434.159 434.16 434.16 0 0 0 0 1002.74 0 0
0.339821 348.117 348.117 348.117 348.118 348.118 0 0 0 0 1150.16 0 0
0.392419 279.331 279.331 279.331 279.332 279.332 0 0 0 0 1317.87 0 0
0.453158 224.264 224.264 224.264 224.264 224.264 0 0 0 0 1508.16 0 0
0.523299 180.124 180.124 180.124 180.124 180.124 0 0 0 0 1723.47 0 0
0.604296 144.704 144.704 144.704 144.704 144.704 0 0 0 0 1966.24 0 0
0.697831 116.253 116.253 116.253 116.253 116.253 0 0 0 0 2238.87 0 0
0.805842 93.3828 93.3828 93.3828 93.3829 93.3829 0 0 0 0 2543.56 0 0
0.930572 74.9866 74.9866 74.9866 74.9866 74.9866 0 0 0 0 2882.14 0 0
1.07461 60.1829 60.1829 60.1829 60.1829 60.1829 0 0 0 0 3255.77 0 0
1.24094 48.2674 48.2674 48.2674 48.2674 48.2674 0 0 0 0 3664.67 0 0
1.43301 38.6766 38.6766 38.6766 38.6766 38.6766 0 0 0 0 4107.62 0 0
1.65482 30.9585 30.9585 30.9585 30.9585 30.9585 0 0 0 0 4581.43 0 0
1.91095 24.7503 24.7503 24.7503 24.7503 24.7503 0 0 0 0 5080.32 0 0
2.20673 19.7601 19.7601 19.7601 19.7602 19.7602 0 0 0 0 5595.1 0 0
2.5483 15.7527 15.7527 15.7527 15.7527 15.7527 0 0 0 0 6112.38 0 0
2.94273 12.5384 12.5384 12.5384 12.5384 12.5384 0 0 0 0 6613.78 0 0
3.39821 9.9637 9.9637 9.9637 9.96371 9.96371 0 0 0 0 7075.25 0 0
3.92419 7.90479 7.90479 7.90479 7.90479 7.90479 0 0 0 0 7466.85 0 0
4.53158 6.26126 6.26126 6.26126 6.26126 6.26126 0 0 0 0 7753.34 0 0
5.23299 4.95186 4.95186 4.95186 4.95186 4.95186 0 0 0 0 7895.92 0 0
6.04296 3.91078 3.91078 3.91078 3.91078 3.91078 0 0 0 0 7855.77 0 0
6.97831 3.08472 3.08472 3.08472 3.08472 3.08472 0 0 0 0 7599.75 0 0
8.05842 2.43059 2.43059 2.43059 2.43059 2.43059 0 0 0 0 7108.25 0 0
9.30572 1.91358 1.91358 1.91358 1.91358 1.91358 0 0 0 0 6384.29 0 0
10.7461 1.50565 1.50565 1.50565 1.50565 1.50565 0 0 0 0 5461.55 0 0
12.4094 1.18425 1.18425 1.18425 1.18425 1.18425 0 0 0 0 4407.7 0 0
14.3301 0.931318 0.931318 0.931318 0.931318 0.931318 0 0 0 0 3318.57 0 0
16.5482 0.732439 0.732439 0.732439 0.732439 0.732439 0 0 0 0 2301.19 0 0
19.1095 0.576145 0.576145 0.576145 0.576145 0.576145 0 0 0 0 1448.29 0 0
22.0673 0.453347 0.453347 0.453347 0.453347 0.453347 0 0 0 0 813.694 0 0
25.483 0.356866 0.356866 0.356866 0.356866 0.356866 0 0 0 0 400.523 0 0
29.4273 0.281046 0.281046 0.281046 0.281046 0.281046 0 0 0 0 169.095 0 0
33.9821 0.221441 0.221441 0.221441 0.221441 0.221441 0 0 0 0 59.7677 0 0
39.2419 0.174561 0.174561 0.174561 0.174561 0.174561 0 0 0 0 17.2027 0 0
45.3158 0.137671 0.137671 0.137671 0.137671 0.137671 0 0 0 0 3.9055 0 0
52.3299 0.108625 0.108625 0.108625 0.108625 0.108625 0 0 0 0 0.674134 0 0
60.4296 0.0857422 0.0857422 0.0857422 0.0857422 0.0857422 0 0 0 0 0.0847971 0 0
69.7831 0.0677056 0.0677056 0.0677056 0.0677056 0.0677056 0 0 0 0 0.0074013 0 0
80.5842 0.0534812 0.0534812 0.0534812 0.0534812 0.0534812 0 0 0 0 0.000423605 0 0
93.0572 0.0422576 0.0422576 0.0422576 0.0422576 0.0422576 0 0 0 0 1.48927e-05 0 0
107.461 0.0333979 0.0333979 0.0333979 0.0333979 0.0333979 0 0 0 0 2.98256e-07 0 0
124.094 0.0264011 0.0264011 0.0264011 0.0264011 0.0264011 0 0 0 0 3.11872e-09 0 0
143.301 0.0208735 0.0208735 0.0208735 0.0208735 0.0208735 0 0 0 0 1.53976e-11 0 0
165.482 0.0165051 0.0165051 0.0165051 0.0165051 0.0165051 0 0 0 0 3.19574e-14 0 0
191.095 0.0130518 0.0130518 0.0130518 0.0130518 0.0130518 0 0 0 0 2.43827e-17 0 0
220.673 0.0103212 0.0103212 0.0103212 0.0103212 0.0103212 0 0 0 0 5.85753e-21 0 0
254.83 0.00816164 0.00816164 0.00816164 0.00816164 0.00816164 0 0 0 0 3.70498e-25 0 0
294.273 0.00645341 0.00645341 0.00645341 0.00645341 0.00645341 0 0 0 0 5.01869e-30 0 0
339.821 0.00510204 0.00510204 0.00510204 0.00510204 0.00510204 0 0 0 0 1.14693e-35 0 0
392.419 0.00403292 0.00403292 0.00403292 0.00403292 0.00403292 0 0 0 0 3.35742e-42 0 0
453.158 0.00318708 0.00318708 0.00318708 0.00318708 0.00318708 0 0 0 0 9.15907e-50 0 0
523.299 0.00251791 0.00251791 0.00251791 0.00251791 0.00251791 0 0 0 0 1.6127e-58 0 0
604.296 0.00198856 0.00198856 0.00198856 0.00198856 0.00198856 0 0 0 0 1.19923e-68 0 0
697.831 0.00156986 0.00156986 0.00156986 0.00156986 0.00156986 0 0 0 0 2.30766e-80 0 0
805.842 0.00123875 0.00123875 0.00123875 0.00123875 0.00123875 0 0 0 0 6.52689e-94 0 0
930.572 0.000976969 0.000976969 0.000976969 0.000976969 0.000976969 0 0 0 0 3.89589e-102 0 0
1074.61 0.000770058 0.000770058 0.000770058 0.000770058 0.000770058 0 0 0 0 2.9223e-102 0 0
1240.94 0.000606576 0.000606576 0.000606576 0.000606576 0.000606576 0 0 0 0 2.1921e-102 0 0
1433.01 0.000477462 0.000477462 0.000477462 0.000477462 0.000477462 0 0 0 0 1.64444e-102 0 0
1654.82 0.000375538 0.000375538 0.000375538 0.000375538 0.000375538 0 0 0 0 1.23367e-102 0 0
1910.95 0.000295123 0.000295123 0.000295123 0.000295123 0.000295123 0 0 0 0 9.25565e-103 0 0
2206.73 0.000231716 0.000231716 0.000231716 0.000231716 0.000231716 0 0 0 0 6.94459e-103 0 0
2548.3 0.000181755 0.000181755 0.000181755 0.000181755 0.000181755 0 0 0 0 5.21103e-103 0 0
2942.73 0.000142416 0.000142416 0.000142416 0.000142416 0.000142416 0 0 0 0 3.91059e-103 0 0
3398.21 0.000111468 0.000111468 0.000111468 0.000111468 0.000111468 0 0 0 0 2.935e-103 0 0
3924.19 8.71421e-05 8.71421e-05 8.71421e-05 8.71421e-05 8.71421e-05 0 0 0 0 2.20308e-103 0 0
4531.58 6.804e-05 6.804e-05 6.804e-05 6.804e-05 6.804e-05 0 0 0 0 1.65392e-103 0 0
5232.99 5.30767e-05 5.30767e-05 5.30767e-05 5.30767e-05 5.30767e-05 0 0 0 0 1.24185e-103 0 0
6042.96 4.1336e-05 4.1336e-05 4.1336e-05 4.1336e-05 4.1336e-05 0 0 0 0 9.3263e-104 0 0
6978.31 3.21475e-05 3.21475e-05 3.21475e-05 3.21475e-05 3.21475e-05 0 0 0 0 7.00554e-104 0 0
8058.42 2.49653e-05 2.49653e-05 2.49653e-05 2.49653e-05 2.49653e-05 0 0 0 0 5.26357e-104 0 0
9305.72 1.93588e-05 1.93588e-05 1.93588e-05 1.93588e-05 1.93588e-05 0 0 0 0 3.95585e-104 0 0
10746.1 1.49884e-05 1.49884e-05 1.49884e-05 1.49884e-05 1.49884e-05 0 0 0 0 2.97397e-104 0 0
12409.4 1.15864e-05 1.15864e-05 1.15864e-05 1.15864e-05 1.15864e-05 0 0 0 0 2.23659e-104 0 0
14330.1 8.9424e-06 8.9424e-06 8.9424e-06 8.9424e-06 8.9424e-06 0 0 0 0 1.68272e-104 0 0
16548.2 6.8906e-06 6.8906e-06 6.8906e-06 6.8906e-06 6.8906e-06 0 0 0 0 1.26657e-104 0 0
19109.5 5.30095e-06 5.30095e-06 5.30095e-06 5.30095e-06 5.30095e-06 0 0 0 0 9.53814e-105 0 0
22067.3 4.07139e-06 4.07139e-06 4.07139e-06 4.07139e-06 4.07139e-06 0 0 0 0 7.18683e-105 0 0
25483 3.12196e-06 3.12196e-06 3.12196e-06 3.12196e-06 3.12196e-06 0 0 0 0 5.41845e-105 0 0
29427.3 2.3901e-06 2.3901e-06 2.3901e-06 2.3901e-06 2.3901e-06 0 0 0 0 4.08791e-105 0 0
33982.1 1.82694e-06 1.82694e-06 1.82694e-06 1.82694e-06 1.82694e-06 0 0 0 0 3.08632e-105 0 0
39241.9 1.39435e-06 1.39435e-06 1.39435e-06 1.39435e-06 1.39435e-06 0 0 0 0 2.33194e-105 0 0
45315.8 1.06264e-06 1.06264e-06 1.06264e-06 1.06264e-06 1.06264e-06 0 0 0 0 1.76341e-105 0 0
52329.9 8.08723e-07 8.08723e-07 8.08723e-07 8.08723e-07 8.08723e-07 0 0 0 0 1.33464e-105 0 0
60429.6 6.14691e-07 6.14691e-07 6.14691e-07 6.14691e-07 6.14691e-07 0 0 0 0 1.01103e-105 0 0
69783.1 4.66662e-07 4.66662e-07 4.66662e-07 4.66662e-07 4.66662e-07 0 0 0 0 7.66597e-106 0 0
80584.2 3.53907e-07 3.53907e-07 3.53907e-07 3.53907e-07 3.53907e-07 0 0 0 0 5.81794e-106 0 0
93057.2 2.68147e-07 2.68147e-07 2.68147e-07 2.68147e-07 2.68147e-07 0 0 0 0 4.41944e-106 0 0
107461 2.03008e-07 2.03008e-07 2.03008e-07 2.03008e-07 2.03008e-07 0 0 0 0 3.36004e-106 0 0
124094 1.53592e-07 1.53592e-07 1.53592e-07 1.53592e-07 1.53592e-07 0 0 0 0 2.5567e-106 0 0
143301 1.16142e-07 1.16142e-07 1.16142e-07 1.16142e-07 1.16142e-07 0 0 0 0 1.94688e-106 0 0
165482 8.77874e-08 8.77874e-08 8.77874e-08 8.77874e-08 8.77874e-08 0 0 0 0 1.4835e-106 0 0
191095 6.63343e-08 6.63343e-08 6.63343e-08 6.63343e-08 6.63343e-08 0 0 0 0 1.13104e-106 0 0
220673 5.01122e-08 5.01122e-08 5.01122e-08 5.01122e-08 5.01122e-08 0 0 0 0 8.627e-107 0 0
254830 3.78512e-08 3.78512e-08 3.78512e-08 3.78512e-08 3.78512e-08 0 0 0 0 6.58247e-107 0 0
294273 2.8587e-08 2.8587e-08 2.8587e-08 2.8587e-08 2.8587e-08 0 0 0 0 5.0236e-107 0 0
339821 2.15887e-08 2.15887e-08 2.15887e-08 2.15887e-08 2.15887e-08 0 0 0 0 3.83438e-107 0 0
392419 1.6303e-08 1.6303e-08 1.6303e-08 1.6303e-08 1.6303e-08 0 0 0 0 2.92676e-107 0 0
453158 1.23113e-08 1.23113e-08 1.23113e-08 1.23113e-08 1.23113e-08 0 0 0 0 2.23387e-107 0 0
523299 9.29694e-09 9.29694e-09 9.29694e-09 9.29694e-09 9.29694e-09 2.83773e-17 3.30184e-13 1.75225e-13 0 1.70482e-107 0 0
604296 7.0208e-09 7.0208e-09 7.0208e-09 7.0208e-09 7.0208e-09 4.15808e-17 3.31674e-13 1.75282e-13 0 1.30084e-107 0 0
697831 5.30212e-09 5.30212e-09 5.30212e-09 5.30212e-09 5.30212e-09 5.47843e-17 3.33163e-13 1.7534e-13 0 9.92371e-108 0 0
805842 4.00438e-09 4.00438e-09 4.00438e-09 4.00438e-09 4.00438e-09 6.79878e-17 3.34653e-13 1.75397e-13 0 7.56852e-108 0 0
930572 3.02446e-09 3.02446e-09 3.02446e-09 3.02446e-09 3.02446e-09 8.11913e-17 3.36143e-13 1.75454e-13 0 5.77056e-108 0 0
1.07461e+06 2.28451e-09 2.28451e-09 2.28451e-09 2.28451e-09 2.28451e-09 1.00615e-16 3.37802e-13 1.75515e-13 0 4.39824e-108 0 0
1.24094e+06 1.72572e-09 1.72572e-09 1.72572e-09 1.72572e-09 1.72572e-09 1.31078e-16 3.38356e-13 1.7551e-13 0 3.35102e-108 0 0
1.43301e+06 1.3037e-09 1.3037e-09 1.3037e-09 1.3037e-09 1.3037e-09 1.70037e-16 3.3906e-13 1.75503e-13 0 2.55209e-108 0 0
1.65482e+06 9.84941e-10 9.84941e-10 9.84941e-10 9.84941e-10 9.84941e-10 2.2002e-16 3.39958e-13 1.75494e-13 0 1.94276e-108 0 0
1.91095e+06 7.44149e-10 7.44149e-10 7.44149e-10 7.44149e-10 7.44149e-10 2.88695e-16 3.41183e-13 1.75481e-13 0 1.47818e-108 0 0
2.20673e+06 5.62239e-10 5.62239e-10 5.62239e-10 5.62239e-10 5.62239e-10 3.74577e-16 3.42757e-13 1.75465e-13 0 1.1241e-108 0 0
2.5483e+06 4.24803e-10 4.24803e-10 4.24803e-10 4.24803e-10 4.24803e-10 4.8429e-16 3.44796e-13 1.75443e-13 0 8.5436e-109 0 0
2.94273e+06 3.20963e-10 3.20963e-10 3.20963e-10 3.20963e-10 3.20963e-10 6.25621e-16 3.47435e-13 1.75414e-13 0 6.48957e-109 0 0
3.39821e+06 2.42505e-10 2.42505e-10 2.42505e-10 2.42505e-10 2.42505e-10 8.21964e-16 3.51038e-13 1.75375e-13 0 4.92631e-109 0 0
3.92419e+06 1.83225e-10 1.83225e-10 1.83225e-10 1.83225e-10 1.83225e-10 1.07202e-15 3.55645e-13 1.75323e-13 0 3.73722e-109 0 0
4.53158e+06 1.38437e-10 1.38437e-10 1.38437e-10 1.38437e-10 1.38437e-10 1.40043e-15 3.61496e-13 1.75255e-13 0 2.8333e-109 0 0
5.23299e+06 1.046e-10 1.046e-10 1.046e-10 1.046e-10 1.046e-10 1.82824e-15 3.6879e-13 1.75165e-13 0 2.14659e-109 0 0
6.04296e+06 7.90368e-11 7.90368e-11 7.90368e-11 7.90368e-11 7.90368e-11 2.41661e-15 3.78253e-13 1.75043e-13 0 1.62525e-109 0 0
6.97831e+06 5.97262e-11 5.97262e-11 5.97262e-11 5.97262e-11 5.97262e-11 3.16302e-15 3.89326e-13 1.74881e-13 0 1.22972e-109 0 0
8.05842e+06 4.51394e-11 4.51394e-11 4.51394e-11 4.51394e-11 4.51394e-11 4.11729e-15 4.02251e-13 1.74668e-13 0 9.29854e-110 0 0
9.30572e+06 3.41216e-11 3.41216e-11 3.41216e-11 3.41216e-11 3.41216e-11 5.34196e-15 4.16741e-13 1.7439e-13 0 7.02674e-110 0 0
1.07461e+07 2.57998e-11 2.57998e-11 2.57998e-11 2.57998e-11 2.57998e-11 6.9482e-15 4.33069e-13 1.74011e-13 0 5.30679e-110 0 0
1.24094e+07 1.95144e-11 1.95144e-11 1.95144e-11 1.95144e-11 1.95144e-11 8.87996e-15 4.4935e-13 1.73512e-13 0 4.00554e-110 0 0
1.43301e+07 1.4767e-11 1.4767e-11 1.4767e-11 1.4767e-11 1.4767e-11 1.11752e-14 4.65137e-13 1.72859e-13 0 3.02171e-110 0 0
1.65482e+07 1.11811e-11 1.11811e-11 1.11811e-11 1.11811e-11 1.11811e-11 1.38428e-14 4.79635e-13 1.72009e-13 0 2.27835e-110 0 0
1.91095e+07 8.4724e-12 8.4724e-12 8.4724e-12 8.4724e-12 8.4724e-12 1.69701e-14 4.91876e-13 1.7086e-13 0 1.71702e-110 0 0
2.20673e+07 6.42593e-12 6.42593e-12 6.42593e-12 6.42593e-12 6.42593e-12 2.02732e-14 5.02451e-13 1.69354e-13 0 1.29341e-110 0 0
2.5483e+07 4.87959e-12 4.87959e-12 4.87959e-12 4.87959e-12 4.87959e-12 2.37967e-14 5.09853e-13 1.67402e-13 0 9.73898e-111 0 0
2.94273e+07 3.71074e-12 3.71074e-12 3.71074e-12 3.71074e-12 3.71074e-12 2.72787e-14 5.09903e-13 1.64882e-13 0 7.33029e-111 0 0
3.39821e+07 2.8269e-12 2.8269e-12 2.8269e-12 2.8269e-12 2.8269e-12 3.06241e-14 5.01284e-13 1.61514e-13 0 5.51534e-111 0 0
3.92419e+07 2.15802e-12 2.15802e-12 2.15802e-12 2.15802e-12 2.15802e-12 3.34742e-14 4.83713e-13 1.57166e-13 0 4.1484e-111 0 0
4.53158e+07 1.65157e-12 1.65157e-12 1.65157e-12 1.65157e-12 1.65157e-12 3.5927e-14 4.60171e-13 1.51617e-13 0 3.1193e-111 0 0
5.23299e+07 1.26772e-12 1.26772e-12 1.26772e-12 1.26772e-12 1.26772e-12 3.78468e-14 4.32938e-13 1.44592e-13 0 2.34484e-111 0 0
6.04296e+07 9.76204e-13 9.76204e-13 9.76204e-13 9.76204e-13 9.76204e-13 3.89454e-14 3.99456e-13 1.3544e-13 0 1.76222e-111 0 0
6.97831e+07 7.54283e-13 7.54283e-13 7.54283e-13 7.54283e-13 7.54283e-13 3.9144e-14 3.60005e-13 1.24013e-13 0 1.32406e-111 0 0
8.05842e+07 5.84909e-13 5.84909e-13 5.84909e-13 5.84909e-13 5.84909e-13 3.8518e-14 3.15404e-13 1.09988e-13 0 9.94644e-112 0 0
9.30572e+07 4.55151e-13 4.55151e-13 4.55151e-13 4.55151e-13 4.55151e-13 3.70899e-14 2.6714e-13 9.36724e-14 0 7.47042e-112 0 0
1.07461e+08 3.55217e-13 3.55217e-13 3.55217e-13 3.55217e-13 3.55217e-13 3.48633e-14 2.18288e-13 7.66943e-14 0 5.60983e-112 4.754 0
1.24094e+08 2.7809e-13 2.7809e-13 2.7809e-13 2.7809e-13 2.7809e-13 3.22385e-14 1.75271e-13 6.15859e-14 0 4.212e-112 4.17647 0
1.43301e+08 2.18162e-13 2.18162e-13 2.18162e-13 2.18162e-13 2.18162e-13 2.92096e-14 1.38425e-13 4.87218e-14 0 3.16205e-112 3.6691 0
1.65482e+08 1.71299e-13 1.71299e-13 1.71299e-13 1.71299e-13 1.71299e-13 2.58747e-14 1.07732e-13 3.8016e-14 0 2.37353e-112 3.22337 0
1.91095e+08 1.3429e-13 1.3429e-13 1.3429e-13 1.3429e-13 1.3429e-13 2.22218e-14 8.21095e-14 2.90678e-14 0 1.78145e-112 2.83178 0
2.20673e+08 1.05265e-13 1.05265e-13 1.05265e-13 1.05265e-13 1.05265e-13 1.88083e-14 6.27083e-14 2.22492e-14 0 1.33694e-112 2.48777 0
2.5483e+08 8.23823e-14 8.23823e-14 8.23823e-14 8.23823e-14 8.23823e-14 1.56216e-14 4.74163e-14 1.68482e-14 0 1.00325e-112 2.18554 0
2.94273e+08 6.43197e-14 6.43197e-14 6.43197e-14 6.43197e-14 6.43197e-14 1.27303e-14 3.55215e-14 1.26342e-14 0 7.52793e-113 1.92004 0
3.39821e+08 4.99882e-14 4.99882e-14 4.99882e-14 4.99882e-14 4.99882e-14 1.01022e-14 2.62506e-14 9.33427e-15 0 5.6482e-113 1.7612 0
3.92419e+08 3.88286e-14 3.88286e-14 3.88286e-14 3.88286e-14 3.88286e-14 7.9872e-15 1.9666e-14 6.98824e-15 0 4.23759e-113 1.68678 0
4.53158e+08 3.00759e-14 3.00759e-14 3.00759e-14 3.00759e-14 3.00759e-14 6.23364e-15 1.46865e-14 5.21231e-15 0 3.17909e-113 1.61551 0
5.23299e+08 2.32161e-14 2.32161e-14 2.32161e-14 2.32161e-14 2.32161e-14 4.79716e-15 1.09389e-14 3.87626e-15 0 2.38488e-113 1.54725 0
6.04296e+08 1.78621e-14 1.78621e-14 1.78621e-14 1.78621e-14 1.78621e-14 3.65001e-15 8.08815e-15 2.85926e-15 0 1.789e-113 1.48187 0
6.97831e+08 1.37535e-14 1.37535e-14 1.37535e-14 1.37535e-14 1.37535e-14 2.80785e-15 6.0856e-15 2.1472e-15 0 1.34195e-113 1.41925 0
8.05842e+08 1.05606e-14 1.05606e-14 1.05606e-14 1.05606e-14 1.05606e-14 2.15081e-15 4.57543e-15 1.61171e-15 0 1.00658e-113 1.35928 0
9.30572e+08 8.08181e-15 8.08181e-15 8.08181e-15 8.08181e-15 8.08181e-15 1.63935e-15 3.4351e-15 1.20887e-15 0 7.55004e-114 1.30185 0
1.07461e+09 6.15608e-15 6.15608e-15 6.15608e-15 6.15608e-15 6.15608e-15 1.23772e-15 2.55243e-15 8.97862e-16 0 5.66287e-114 1.30654 0
1.24094e+09 4.69262e-15 4.69262e-15 4.69262e-15 4.69262e-15 4.69262e-15 9.52718e-16 1.93229e-15 6.79323e-16 0 4.24731e-114 1.37403 0
1.43301e+09 3.56658e-15 3.56658e-15 3.56658e-15 3.56658e-15 3.56658e-15 7.34638e-16 1.45996e-15 5.1303e-16 0 3.18554e-114 1.44501 0
1.65482e+09 2.70095e-15 2.70095e-15 2.70095e-15 2.70095e-15 2.70095e-15 5.6548e-16 1.10056e-15 3.86599e-16 0 2.38915e-114 1.51966 0
1.91095e+09 2.03507e-15 2.03507e-15 2.03507e-15 2.03507e-15 2.03507e-15 4.31067e-16 8.19742e-16 2.87728e-16 0 1.79183e-114 1.59817 0
2.20673e+09 1.53471e-15 1.53471e-15 1.53471e-15 1.53471e-15 1.53471e-15 3.34174e-16 6.2223e-16 2.18315e-16 0 1.34382e-114 1.68073 0
2.5483e+09 1.15436e-15 1.15436e-15 1.15436e-15 1.15436e-15 1.15436e-15 2.58363e-16 4.71191e-16 1.65293e-16 0 1.00782e-114 1.76755 0
2.94273e+09 8.66168e-16 8.66168e-16 8.66168e-16 8.66168e-16 8.66168e-16 1.98935e-16 3.55868e-16 1.2483e-16 0 7.55823e-115 1.85886 0
3.39821e+09 6.47169e-16 6.47169e-16 6.47169e-16 6.47169e-16 6.47169e-16 1.51096e-16 2.65543e-16 9.31175e-17 0 5.66829e-115 1.95489 0
3.92419e+09 4.85006e-16 4.85006e-16 4.85006e-16 4.85006e-16 4.85006e-16 1.16748e-16 2.01666e-16 7.07293e-17 0 4.25089e-115 2.05588 0
4.53158e+09 3.62736e-16 3.62736e-16 3.62736e-16 3.62736e-16 3.62736e-16 8.99175e-17 1.52701e-16 5.35767e-17 0 3.1879e-115 2.16208 0
5.23299e+09 2.69459e-16 2.69459e-16 2.69459e-16 2.69459e-16 2.69459e-16 6.89789e-17 1.15251e-16 4.04564e-17 0 2.39071e-115 2.27377 0
6.04296e+09 1.93338e-16 1.93338e-16 1.93338e-16 1.93338e-16 1.93338e-16 5.21209e-17 8.60011e-17 3.01899e-17 0 1.79286e-115 2.39123 0
6.97831e+09 1.23296e-16 1.23296e-16 1.23296e-16 1.23296e-16 1.23296e-16 4.01182e-17 6.52815e-17 2.29146e-17 0 1.3445e-115 2.51476 0
8.05842e+09 5.89527e-17 5.89527e-17 5.89527e-17 5.89527e-17 5.89527e-17 3.07778e-17 4.94436e-17 1.73471e-17 0 1.00827e-115 2.64467 0
9.30572e+09 2.06744e-17 2.06744e-17 2.06744e-17 2.06744e-17 2.06744e-17 2.34774e-17 3.73627e-17 1.30999e-17 0 7.56119e-116 2.78129 0
1.07461e+10 6.42564e-18 6.42564e-18 6.42564e-18 6.42564e-18 6.42564e-18 1.7671e-17 2.79467e-17 1.01454e-17 0 5.67024e-116 3.12066 0
1.24094e+10 2.07612e-18 2.07612e-18 2.07612e-18 2.07612e-18 2.07612e-18 1.35019e-17 2.12692e-17 7.82029e-18 0 4.25218e-116 3.7357 0
1.43301e+10 7.30907e-19 7.30907e-19 7.30907e-19 7.30907e-19 7.30907e-19 1.02629e-17 1.6152e-17 6.01074e-18 0 3.18875e-116 4.47195 0
1.65482e+10 2.82729e-19 2.82729e-19 2.82729e-19 2.82729e-19 2.82729e-19 7.7777e-18 1.22343e-17 4.61039e-18 0 2.39127e-116 5.35331 0
1.91095e+10 1.19019e-19 1.19019e-19 1.19019e-19 1.19019e-19 1.19019e-19 5.81035e-18 9.15153e-18 3.51251e-18 0 1.79322e-116 6.40836 0
2.20673e+10 5.45599e-20 5.45599e-20 5.45599e-20 5.45599e-20 5.45599e-20 4.41862e-18 6.96909e-18 2.71148e-18 0 1.34475e-116 7.67135 34.7254
2.5483e+10 2.68096e-20 2.68096e-20 2.68096e-20 2.68096e-20 2.68096e-20 3.35083e-18 5.29316e-18 2.09048e-18 0 1.00843e-116 9.18326 22.9578
2.94273e+10 1.39969e-20 1.39969e-20 1.39969e-20 1.39969e-20 1.39969e-20 2.53542e-18 4.00918e-18 1.60732e-18 0 7.56224e-117 10.9931 15.5417
3.39821e+10 7.66992e-21 7.66992e-21 7.66992e-21 7.66992e-21 7.66992e-21 1.89242e-18 2.99603e-18 1.22075e-18 0 5.67093e-117 13.1597 10.7604
3.92419e+10 4.43102e-21 4.43103e-21 4.43103e-21 4.43103e-21 4.43103e-21 1.44209e-18 2.28269e-18 9.40617e-19 0 4.25263e-117 15.7533 7.61059
4.53158e+10 2.66091e-21 2.66092e-21 2.66092e-21 2.66092e-21 2.66092e-21 1.09708e-18 1.73557e-18 7.23021e-19 0 3.18905e-117 18.8581 5.49245
5.23299e+10 1.65159e-21 1.6516e-21 1.6516e-21 1.6516e-21 1.6516e-21 8.33455e-19 1.31647e-18 5.57319e-19 0 2.39146e-117 22.5747 4.04008
6.04296e+10 1.04964e-21 1.04965e-21 1.04965e-21 1.04965e-21 1.04965e-21 6.25409e-19 9.85032e-19 4.19326e-19 0 1.79335e-117 27.0238 3.02568
6.97831e+10 6.88932e-22 6.88946e-22 6.88946e-22 6.88946e-22 6.88946e-22 4.78698e-19 7.51866e-19 3.23894e-19 0 1.34483e-117 32.3498 2.3047
8.05842e+10 4.61482e-22 4.61497e-22 4.61497e-22 4.61497e-22 4.61497e-22 3.65568e-19 5.72683e-19 2.48965e-19 0 1.00849e-117 38.7255 1.78376
9.30572e+10 3.14578e-22 3.14593e-22 3.14593e-22 3.14593e-22 3.14593e-22 2.78503e-19 4.35107e-19 1.89347e-19 0 7.56261e-118 46.3577 1.40144
1.07461e+11 2.16437e-22 2.16451e-22 2.16451e-22 2.16451e-22 2.16451e-22 2.09178e-19 3.25861e-19 1.43897e-19 0 5.67118e-118 55.4941 1.11671
1.24094e+11 1.52397e-22 1.52411e-22 1.52411e-22 1.52411e-22 1.52411e-22 1.60059e-19 2.48909e-19 1.09858e-19 0 4.25279e-118 66.4312 0.901709
1.43301e+11 1.08584e-22 1.08598e-22 1.08598e-22 1.08598e-22 1.08598e-22 1.22124e-19 1.89663e-19 8.38772e-20 0 3.18915e-118 79.5238 0.737233
1.65482e+11 7.81885e-23 7.82018e-23 7.82018e-23 7.82018e-23 7.82018e-23 9.28836e-20 1.4411e-19 6.44551e-20 0 2.39153e-118 95.1967 0.609868
1.91095e+11 5.64596e-23 5.64725e-23 5.64725e-23 5.64725e-23 5.64725e-23 6.96234e-20 1.07877e-19 4.76455e-20 0 1.7934e-118 113.959 0.510106
2.20673e+11 4.16782e-23 4.16907e-23 4.16907e-23 4.16907e-23 4.16907e-23 5.31914e-20 8.23676e-20 3.67306e-20 0 1.34486e-118 136.418 0.431129
2.5483e+11 3.10563e-23 3.10686e-23 3.10686e-23 3.10686e-23 3.10686e-23 4.05277e-20 6.27279e-20 2.79718e-20 0 1.00851e-118 163.304 0.367983
2.94273e+11 2.3351e-23 2.33629e-23 2.33629e-23 2.33629e-23 2.33629e-23 3.07916e-20 4.76311e-20 2.10294e-20 0 7.56274e-119 195.489 0.317029
3.39821e+11 1.75557e-23 1.75671e-23 1.75671e-23 1.75671e-23 1.75671e-23 2.30615e-20 3.5623e-20 1.59184e-20 0 5.67126e-119 0 0.275565
3.92419e+11 1.3524e-23 1.35352e-23 1.35352e-23 1.35352e-23 1.35352e-23 1.76095e-20 2.71776e-20 1.1999e-20 0 4.25285e-119 0 0.241562
4.53158e+11 1.05048e-23 1.05157e-23 1.05157e-23 1.05157e-23 1.05157e-23 1.34102e-20 2.06785e-20 9.08293e-21 0 3.18919e-119 0 0.213483
5.23299e+11 8.22116e-24 8.23158e-24 8.23158e-24 8.23158e-24 8.23158e-24 1.0183e-20 1.56856e-20 6.92512e-21 0 2.39156e-119 0 0.190154
6.04296e+11 6.41226e-24 6.42208e-24 6.42208e-24 6.42208e-24 6.42208e-24 7.61994e-21 1.17156e-20 5.07459e-21 0 1.79342e-119 0 0.170669
6.97831e+11 5.12769e-24 5.13699e-24 5.13699e-24 5.13699e-24 5.13699e-24 5.81412e-21 8.92715e-21 3.88653e-21 0 1.34487e-119 0 0.154323
8.05842e+11 4.12344e-24 4.13211e-24 4.13211e-24 4.13211e-24 4.13211e-24 4.42393e-21 6.78313e-21 2.93017e-21 0 1.00851e-119 0 0.140565
9.30572e+11 3.33095e-24 3.3389e-24 3.3389e-24 3.3389e-24 3.3389e-24 3.35616e-21 5.13757e-21 2.18854e-21 0 7.56278e-120 0 0.12896
1.07461e+12 2.67025e-24 2.67733e-24 2.67733e-24 2.67733e-24 2.67733e-24 2.50817e-21 3.83007e-21 1.64142e-21 0 5.67129e-120 0 0.119166
1.24094e+12 2.19229e-24 2.19864e-24 2.19864e-24 2.19864e-24 2.19864e-24 1.91156e-21 2.91341e-21 1.22955e-21 0 4.25287e-120 0 0.110908
1.43301e+12 1.8042e-24 1.8098e-24 1.8098e-24 1.8098e-24 1.8098e-24 1.45265e-21 2.20951e-21 9.25552e-22 0 3.1892e-120 0 0.103969
1.65482e+12 1.48701e-24 1.49189e-24 1.49189e-24 1.49189e-24 1.49189e-24 1.10047e-21 1.67e-21 6.98742e-22 0 2.39156e-120 0 0.098177
1.91095e+12 1.21212e-24 1.21627e-24 1.21627e-24 1.21627e-24 1.21627e-24 8.20936e-22 1.24182e-21 5.09158e-22 0 1.79342e-120 0 0.0933933
2.20673e+12 1.01056e-24 1.01414e-24 1.01414e-24 1.01414e-24 1.01414e-24 6.24624e-22 9.42399e-22 3.87016e-22 0 1.34488e-120 0 0.0895108
2.5483e+12 8.42581e-25 8.45644e-25 8.45644e-25 8.45644e-25 8.45644e-25 4.73808e-22 7.12891e-22 2.90422e-22 0 1.00852e-120 0 0.0864461
2.94273e+12 7.02138e-25 7.04748e-25 7.04748e-25 7.04748e-25 7.04748e-25 3.58234e-22 5.3734e-22 2.15407e-22 0 7.5628e-121 0 0.0841374
3.39821e+12 5.77307e-25 5.79506e-25 5.79506e-25 5.79506e-25 5.79506e-25 2.66577e-22 3.98228e-22 1.60038e-22 0 5.6713e-121 0 0.082541
3.92419e+12 4.85119e-25 4.87019e-25 4.87019e-25 4.87019e-25 4.87019e-25 2.02374e-22 3.01291e-22 1.19001e-22 0 4.25287e-121 0 0.08163
4.53158e+12 4.07089e-25 4.08738e-25 4.08738e-25 4.08738e-25 4.08738e-25 1.53136e-22 2.27173e-22 8.91849e-23 0 3.18921e-121 0 0.0813928
5.23299e+12 3.40989e-25 3.42424e-25 3.42424e-25 3.42424e-25 3.42424e-25 1.15476e-22 1.70629e-22 6.68797e-23 0 2.39157e-121 0 0.0818329
6.04296e+12 2.81364e-25 2.82599e-25 2.82599e-25 2.82599e-25 2.82599e-25 8.56494e-23 1.25917e-22 4.82243e-23 0 1.79342e-121 0 0.0829683
6.97831e+12 2.37214e-25 2.38303e-25 2.38303e-25 2.38303e-25 2.38303e-25 6.48295e-23 9.49053e-23 3.64936e-23 0 1.34488e-121 0 0.0848322
8.05842e+12 1.99542e-25 2.00503e-25 2.00503e-25 2.00503e-25 2.00503e-25 4.89013e-23 7.12687e-23 2.7147e-23 0 1.00852e-121 0 0.0874729
9.30572e+12 1.6741e-25 1.68259e-25 1.68259e-25 1.68259e-25 1.68259e-25 3.67502e-23 5.32994e-23 2.00953e-23 0 7.5628e-122 0 0.0909553
1.07461e+13 1.38173e-25 1.38917e-25 1.38917e-25 1.38917e-25 1.38917e-25 2.7144e-23 3.91285e-23 1.47187e-23 0 5.6713e-122 0 0.0953611
1.24094e+13 1.16525e-25 1.17201e-25 1.17201e-25 1.17201e-25 1.17201e-25 2.04698e-23 2.93582e-23 1.09256e-23 0 4.25288e-122 0 0.10079
1.43301e+13 9.79709e-26 9.85975e-26 9.85975e-26 9.85975e-26 9.85975e-26 1.53797e-23 2.19409e-23 8.1405e-24 0 3.18921e-122 0 0.10736
1.65482e+13 8.20815e-26 8.26809e-26 8.26809e-26 8.26809e-26 8.26809e-26 1.15097e-23 1.63254e-23 6.03927e-24 0 2.39157e-122 0 0.115206
1.91095e+13 6.75398e-26 6.81304e-26 6.81304e-26 6.81304e-26 6.81304e-26 8.45809e-24 1.19118e-23 4.36749e-24 0 1.79342e-122 0 0.12448
2.20673e+13 5.67634e-26 5.73926e-26 5.73926e-26 5.73926e-26 5.73926e-26 6.35033e-24 8.89073e-24 3.25682e-24 0 1.34488e-122 0 0.135345
2.5483e+13 4.74794e-26 4.81847e-26 4.81847e-26 4.81847e-26 4.81847e-26 4.74912e-24 6.60707e-24 2.40675e-24 0 1.00852e-122 0 0.147968
2.94273e+13 3.94857e-26 4.03049e-26 4.03049e-26 4.03049e-26 4.03049e-26 3.53674e-24 4.8871e-24 1.7744e-24 0 7.5628e-123 0 0.162507
3.39821e+13 3.21415e-26 3.30844e-26 3.30844e-26 3.30844e-26 3.30844e-26 2.58353e-24 3.54035e-24 1.28521e-24 0 5.6713e-123 0 0.179093
3.92419e+13 2.66858e-26 2.77813e-26 2.77813e-26 2.77813e-26 2.77813e-26 1.92981e-24 2.62669e-24 9.50656e-25 0 4.25288e-123 0 0.197804
4.53158e+13 2.20062e-26 2.32403e-26 2.32403e-26 2.32403e-26 2.32403e-26 1.43557e-24 1.93967e-24 6.99384e-25 0 3.18921e-123 0 0.218621
5.23299e+13 1.80218e-26 1.93608e-26 1.93608e-26 1.93608e-26 1.93608e-26 1.06316e-24 1.4257e-24 5.1211e-25 0 2.39157e-123 0 0.241387
6.04296e+13 1.44323e-26 1.58069e-26 1.58069e-26 1.58069e-26 1.58069e-26 7.7145e-25 1.02516e-24 3.67722e-25 0 1.79342e-123 0 0.265741
6.97831e+13 1.18173e-26 1.32143e-26 1.32143e-26 1.32143e-26 1.32143e-26 5.73083e-25 7.55689e-25 2.71532e-25 0 1.34488e-123 0 0.291055
8.05842e+13 9.62943e-27 1.10052e-26 1.10052e-26 1.10052e-26 1.10052e-26 4.24064e-25 5.5528e-25 1.98751e-25 0 1.00852e-123 0 0.316368
9.30572e+13 7.79049e-27 9.12841e-27 9.12841e-27 9.12841e-27 9.12841e-27 3.12508e-25 4.05994e-25 1.45279e-25 0 7.56281e-124 0 0.340344
1.07461e+14 6.08377e-27 7.414e-27 7.414e-27 7.414e-27 7.414e-27 2.25507e-25 2.89991e-25 1.03957e-25 0 5.6713e-124 0 0
1.24094e+14 4.635e-27 6.17709e-27 6.17709e-27 6.17709e-27 6.17709e-27 1.66945e-25 2.13484e-25 7.63368e-26 0 4.25288e-124 0 0
1.43301e+14 3.06663e-27 5.13059e-27 5.13059e-27 5.13059e-27 5.13059e-27 1.23228e-25 1.56623e-25 5.60181e-26 0 3.18921e-124 0 0
1.65482e+14 1.48381e-27 4.25171e-27 4.25171e-27 4.25171e-27 4.25171e-27 9.07765e-26 1.14312e-25 4.08418e-26 0 2.39157e-124 0 0
1.91095e+14 3.90091e-28 3.45519e-27 3.45519e-27 3.45519e-27 3.45519e-27 6.55995e-26 8.15828e-26 2.91088e-26 0 1.79342e-124 0 0
2.20673e+14 4.01646e-29 2.89443e-27 2.89443e-27 2.89443e-27 2.89443e-27 4.88888e-26 5.99874e-26 2.14193e-26 0 1.34488e-124 0 0
2.5483e+14 1.03035e-30 2.42449e-27 2.42449e-27 2.42449e-27 2.42449e-27 3.64528e-26 4.40123e-26 1.5847e-26 0 1.00852e-124 0 0
2.94273e+14 4.51368e-33 2.0337e-27 2.0337e-27 2.0337e-27 2.0337e-27 2.72373e-26 3.202e-26 1.15405e-26 0 7.56281e-125 0 0
3.39821e+14 2.60348e-36 1.67792e-27 1.67792e-27 1.67792e-27 1.67792e-27 2.00341e-26 2.26766e-26 8.24865e-27 0 5.6713e-125 0 0
3.92419e+14 2.00235e-40 1.42674e-27 1.42674e-27 1.42674e-27 1.42674e-27 1.52016e-26 1.65986e-26 6.04169e-27 0 4.25288e-125 0 0
4.53158e+14 2.42813e-45 1.21008e-27 1.21008e-27 1.21008e-27 1.21008e-27 1.15184e-26 1.19897e-26 4.41644e-27 0 3.18921e-125 0 0
5.23299e+14 6.99423e-51 1.02074e-27 1.02074e-27 1.02074e-27 1.02074e-27 8.69136e-27 8.51563e-27 3.19966e-27 0 2.39157e-125 0 0
6.04296e+14 8.2537e-57 8.38225e-28 8.38225e-28 8.38225e-28 8.38225e-28 6.39397e-27 5.8865e-27 2.25595e-27 0 1.79342e-125 0 0
6.97831e+14 7.8178e-63 6.90311e-28 6.90311e-28 6.90311e-28 6.90311e-28 4.72514e-27 4.08624e-27 1.58424e-27 0 1.34488e-125 0 0
8.05842e+14 1.11169e-68 5.61114e-28 5.61114e-28 5.61114e-28 5.61114e-28 3.45296e-27 2.78054e-27 1.1132e-27 0 1.00852e-125 0 0
9.30572e+14 4.08792e-74 4.35339e-28 4.35339e-28 4.35339e-28 4.35339e-28 2.41346e-27 1.89552e-27 7.67374e-28 0 7.56281e-126 0 0
1.07461e+15 6.15112e-79 3.19315e-28 3.19315e-28 3.19315e-28 3.19315e-28 1.59846e-27 1.20219e-27 5.04516e-28 0 5.6713e-126 0 0
1.24094e+15 5.49589e-83 2.294e-28 2.294e-28 2.294e-28 2.294e-28 1.03953e-27 7.72898e-28 3.29928e-28 0 4.25288e-126 0 0
1.43301e+15 3.18294e-86 1.44112e-28 1.44112e-28 1.44112e-28 1.44112e-28 5.92786e-28 4.87954e-28 2.17666e-28 0 3.18921e-126 0 0
1.65482e+15 1.491e-88 9.16634e-29 9.16634e-29 9.16634e-29 9.16634e-29 3.4327e-28 2.94411e-28 1.35154e-28 0 2.39157e-126 0 0
1.91095e+15 4.39938e-90 4.75114e-29 4.75114e-29 4.75114e-29 4.75114e-29 1.62503e-28 1.75181e-28 7.99225e-29 0 1.79342e-126 0 0
2.20673e+15 7.62717e-91 2.10592e-29 2.10592e-29 2.10592e-29 2.10592e-29 6.60081e-29 1.01578e-28 4.82372e-29 0 1.34488e-126 0 0
2.5483e+15 8.37318e-91 1.02865e-29 1.02865e-29 1.02865e-29 1.02865e-29 2.9653e-29 5.85118e-29 2.73427e-29 0 1.00852e-126 0 0
2.94273e+15 2.81404e-90 3.3272e-30 3.3272e-30 3.3272e-30 3.3272e-30 8.85429e-30 3.00864e-29 1.68349e-29 0 7.56281e-127 0 0
3.39821e+15 3.29219e-89 1.02696e-30 1.02696e-30 1.02696e-30 1.02696e-30 2.53274e-30 1.63686e-29 8.25294e-30 0 5.6713e-127 0 0
3.92419e+15 9.62235e-88 2.76136e-31 2.76136e-31 2.76136e-31 2.76136e-31 6.33677e-31 7.31178e-30 3.75343e-30 0 4.25288e-127 0 0
4.53158e+15 5.23602e-86 6.08247e-32 6.08247e-32 6.08247e-32 6.08247e-32 1.30409e-31 3.49774e-30 1.78547e-30 0 3.18921e-127 0 0
5.23299e+15 5.40696e-84 1.38871e-32 1.38871e-32 1.38871e-32 1.38871e-32 2.7933e-32 1.305e-30 8.91863e-31 0 2.39157e-127 0 0
6.04296e+15 2.44328e-82 9.20489e-34 9.20489e-34 9.20489e-34 9.20489e-34 1.74426e-33 6.29915e-31 3.74774e-31 0 1.79342e-127 0 0
6.97831e+15 2.45008e-80 1.06483e-34 1.06483e-34 1.06483e-34 1.06483e-34 1.90876e-34 1.66663e-31 1.69293e-31 0 1.34488e-127 0 0
8.05842e+15 1.45717e-78 6.64106e-36 6.64106e-36 6.64106e-36 6.64106e-36 1.13072e-35 4.55966e-32 5.31105e-32 0 1.00852e-127 0 0
9.30572e+15 3.96663e-77 1.94339e-37 1.94339e-37 1.94339e-37 1.94339e-37 3.15536e-37 1.65566e-32 5.51886e-33 0 7.56281e-128 0 0
1.07461e+16 0 0 0 0 0 0 4.77915e-33 0 0 5.6713e-128 0 0
1.24094e+16 0 0 0 0 0 0 0 0 0 4.25288e-128 0 0
1.43301e+16 0 0 0 0 0 0 0 0 0 3.18921e-128 0 0
1.65482e+16 0 0 0 0 0 0 0 0 0 2.39157e-128 0 0
1.91095e+16 0 0 0 0 0 0 0 0 0 1.79342e-128 0 0
2.20673e+16 0 0 0 0 0 0 0 0 0 1.34488e-128 0 0
2.5483e+16 0 0 0 0 0 0 0 0 0 1.00852e-128 0 0
2.94273e+16 0 0 0 0 0 0 0 0 0 7.56281e-129 0 0
3.39821e+16 0 0 0 0 0 0 0 0 0 5.6713e-129 0 0
3.92419e+16 0 0 0 0 0 0 0 0 0 4.25288e-129 0 0
4.53158e+16 0 0 0 0 0 0 0 0 0 3.18921e-129 0 0
5.23299e+16 0 0 0 0 0 0 0 0 0 2.39157e-129 0 0
6.04296e+16 0 0 0 0 0 0 0 0 0 1.79342e-129 0 0
6.97831e+16 0 0 0 0 0 0 0 0 0 1.34488e-129 0 0
8.05842e+16 0 0 0 0 0 0 0 0 0 1.00852e-129 0 0
9.30572e+16 0 0 0 0 0 0 0 0 0 7.56281e-130 0 0


