1.07461e-07 1.79252 1.79252 1.79252 8.85041 2.94882e+14 0 0 0 0 0 0 0
1.24094e-07 2.52258 2.52258 2.52258 10.0552 2.63593e+14 0 0 0 0 0 0 0
1.43301e-07 3.44308 3.44308 3.44308 11.4025 2.35176e+14 0 0 0 0 0 0 0
1.65482e-07 4.57449 4.57449 4.57449 12.903 2.09379e+14 0 0 0 0 0 0 0
1.91095e-07 5.9344 5.9344 5.9344 14.5667 1.85971e+14 0 0 0 0 0 0 0
2.20673e-07 7.53677 7.53677 7.53677 16.402 1.64743e+14 0 0 0 0 0 0 0
2.5483e-07 9.39134 9.39134 9.39134 18.4151 1.45508e+14 0 0 0 0 0 0 0
2.94273e-07 11.5028 11.5028 11.5028 20.6088 1.28096e+14 0 0 0 0 0 0 0
3.39821e-07 13.87 13.87 13.87 22.9816 1.12355e+14 0 0 0 0 0 0 0
3.92419e-07 16.4846 16.4846 16.4846 25.5263 9.81474e+13 0 0 0 0 0 0 0
4.53158e-07 19.3303 19.3303 19.3303 28.2289 8.53486e+13 0 0 0 0 0 0 0
5.23299e-07 22.3813 22.3813 22.3813 31.0669 7.38474e+13 0 0 0 0 0 0 0
6.04296e-07 25.6013 25.6013 25.6013 34.0084 6.35435e+13 0 0 0 0 0 0 0
6.97831e-07 28.943 28.943 28.943 37.0116 5.43458e+13 0 0 0 0 0 0 0
8.05842e-07 32.348 32.348 32.348 40.0246 4.61722e+13 0 0 0 0 0 0 0
9.30572e-07 35.748 35.748 35.748 42.9869 3.89473e+13 0 0 0 0 0 0 0
1.07461e-06 39.0682 39.0682 39.0682 45.8324 3.26017e+13 0 0 0 0 0 0 0
1.24094e-06 42.2312 42.2312 42.2312 48.4941 2.70705e+13 0 0 0 0 0 0 0
1.43301e-06 45.1655 45.1655 45.1655 50.911 2.22919e+13 0 0 0 0 0 0 0
1.65482e-06 47.8139 47.8139 47.8139 53.0382 1.82057e+13 0 0 0 0 0 0 0
1.91095e-06 50.1465 50.1465 50.1465 54.8579 1.47529e+13 0 0 0 0 0 0 0
2.20673e-06 52.1725 52.1725 52.1725 56.3913 1.18736e+13 0 0 0 0 0 0 0
2.5483e-06 53.9523 53.9523 53.9523 57.7105 9.50758e+12 0 0 0 0 0 0 0
2.94273e-06 55.6057 55.6057 55.6057 58.9446 7.59322e+12 0 0 0 0 0 0 0
3.39821e-06 57.3116 57.3116 57.3116 60.28 6.0684e+12 0 0 0 0 0 0 0
3.92419e-06 59.298 59.298 59.298 61.9485 4.87138e+12 0 0 0 0 0 0 0
4.53158e-06 61.8186 61.8186 61.8186 64.2043 3.94241e+12 0 0 0 0 0 0 0
5.23299e-06 65.119 65.119 65.119 67.2897 3.22574e+12 0 0 0 0 0 0 0
6.04296e-06 69.3979 69.3979 69.3979 71.3968 2.67159e+12 0 0 0 0 0 0 0
6.97831e-06 74.7753 74.7753 74.7753 76.6369 2.23788e+12 0 0 0 0 0 0 0
8.05842e-06 81.2792 81.2792 81.2792 83.0285 1.8912e+12 0 0 0 0 0 0 0
9.30572e-06 88.8573 88.8573 88.8573 90.511 1.60681e+12 0 0 0 0 0 0 0
1.07461e-05 97.4126 97.4126 97.4126 98.9806 1.36768e+12 0 0 0 0 0 0 0
1.24094e-05 106.848 106.848 106.848 108.336 1.16291e+12 0 0 0 0 0 0 0
1.43301e-05 117.108 117.108 117.108 118.519 9.85825e+11 0 0 0 0 0 0 0
1.65482e-05 128.199 128.199 128.199 129.535 8.32316e+11 0 0 0 0 0 0 0
1.91095e-05 140.2 140.2 140.2 141.464 6.99608e+11 0 0 0 0 0 0 0
2.20673e-05 153.259 153.259 153.259 154.455 5.85518e+11 0 0 0 0 0 0 0
2.5483e-05 167.587 167.587 167.587 168.719 4.88088e+11 0 0 0 0 0 0 0
2.94273e-05 183.454 183.454 183.454 184.527 4.05454e+11 0 0 0 0 0 0 0
3.39821e-05 201.185 201.185 201.185 202.203 3.35818e+11 0 0 0 0 0 0 0
3.92419e-05 221.149 221.149 221.149 222.118 2.7746e+11 0 0 0 0 0 0 0
4.53158e-05 243.758 243.758 243.758 244.683 2.28767e+11 0 0 0 0 0 0 0
5.23299e-05 269.47 269.47 269.47 270.355 1.88266e+11 0 0 0 0 0 0 0
6.04296e-05 298.803 298.803 298.803 299.653 1.5465e+11 0 0 0 0 0 0 0
6.97831e-05 332.375 332.375 332.375 333.193 1.26788e+11 0 0 0 0 0 0 0
8.05842e-05 370.944 370.944 370.944 371.735 1.03723e+11 0 0 0 0 0 0 0
9.30572e-05 415.462 415.462 415.462 416.229 8.46575e+10 0 0 0 0 0 0 0
0.000107461 467.099 467.099 467.099 467.846 6.89293e+10 0 0 0 0 0 0 0
0.000124094 527.264 527.264 527.264 527.993 5.59852e+10 0 0 0 0 0 0 0
0.000143301 597.62 597.62 597.62 598.336 4.536e+10 0 0 0 0 0 0 0
0.000165482 680.146 680.146 680.146 680.851 3.6661e+10 0 0 0 0 0 0 0
0.000191095 777.225 777.225 777.225 777.923 2.95573e+10 0 0 0 0 0 0 0
0.000220673 891.773 891.773 891.773 892.467 2.3771e+10 0 0 0 0 0 0 0
0.00025483 1027.36 1027.36 1027.36 1028.05 1.90699e+10 0 0 0 0 0 0 0
0.000294273 1188.34 1188.34 1188.34 1189.03 1.52604e+10 0 0 0 0 0 0 0
0.000339821 1379.97 1379.97 1379.97 1380.66 1.21815e+10 0 0 0 0 0 0 0
0.000392419 1608.65 1608.65 1608.65 1609.36 9.69971e+09 0 0 0 0 0 0 0
0.000453158 1882.2 1882.2 1882.2 1882.91 7.70453e+09 0 0 0 0 0 0 0
0.000523299 2210.13 2210.13 2210.13 2210.86 6.10477e+09 0 0 0 0 0 0 0
0.000604296 2604.07 2604.07 2604.07 2604.81 4.82545e+09 0 0 0 0 0 0 0
0.000697831 3078.2 3078.2 3078.2 3078.96 3.80506e+09 0 0 0 0 0 0 0
0.000805842 3649.85 3649.85 3649.85 3650.63 2.99332e+09 0 0 0 0 0 0 0
0.000930572 4340.19 4340.19 4340.19 4340.99 2.34922e+09 0 0 0 0 0 0 0
0.00107461 5175.09 5175.09 5175.09 5175.91 1.83945e+09 0 0 0 0 0 0 0
0.00124094 6186.19 6186.19 6186.19 6187.05 1.437e+09 0 0 0 0 0 0 0
0.00143301 7412.2 7412.2 7412.2 7413.09 1.12007e+09 0 0 0 0 0 0 0
0.00165482 8900.47 8900.47 8900.47 8901.39 8.71093e+08 0 0 0 0 0 0 0
0.00191095 10709 10709 10709 10709.9 6.75976e+08 0 0 0 0 0 0 0
0.00220673 12908.6 12908.6 12908.6 12909.6 5.23428e+08 0 0 0 0 0 0 0
0.0025483 15586.2 15586.2 15586.2 15587.3 4.04441e+08 0 0 0 0 0 0 0
0.00294273 18848.3 18848.3 18848.3 18849.4 3.11845e+08 0 0 0 0 0 0 0
0.00339821 22825 22825 22825 22826.2 2.39949e+08 0 0 0 0 0 0 0
0.00392419 27676.1 27676.1 27676.1 27677.4 1.8425e+08 0 0 0 0 0 0 0
0.00453158 33597.3 33597.3 33597.3 33598.6 1.41194e+08 0 0 0 0 0 0 0
0.00523299 40828.3 40828.3 40828.3 40829.6 1.07983e+08 0 0 0 0 0 0 0
0.00604296 49663.2 49663.2 49663.2 49664.7 8.2421e+07 0 0 0 0 0 0 0
0.00697831 60462.7 60462.7 60462.7 60464.2 6.2787e+07 0 0 0 0 0 0 0
0.00805842 73668.9 73668.9 73668.9 73670.5 4.77377e+07 0 0 0 0 0 0 0
0.00930572 89824.6 89824.6 89824.6 89826.3 3.62263e+07 0 0 0 0 0 0 0
0.0107461 109596 109596 109596 109597 2.74388e+07 0 0 0 0 0 0 0
0.0124094 133799 133799 133799 133801 2.07441e+07 0 0 0 0 0 0 0
0.0143301 163439 163439 163439 163441 1.56538e+07 0 0 0 0 0 0 0
0.0165482 199747 199747 199747 199749 1.1791e+07 0 0 0 0 0 0 0
0.0191095 244237 244237 244237 244240 8.86533e+06 0 0 0 0 0 0 0
0.0220673 298770 298770 298770 298773 6.65369e+06 0 0 0 0 0 0 0
0.025483 365632 365632 365632 365634 4.98498e+06 0 0 0 0 0 0 0
0.0294273 447527 447527 447527 447529 3.72825e+06 0 0 0 0 0 0 0
0.0339821 544817 544817 544817 544820 2.78356e+06 0 0 0 0 0 0 0
0.0392419 641091 641091 641091 641093 2.07471e+06 0 0 0 0 0 0 0
0.0453158 697024 697024 697024 697027 1.54379e+06 0 0 0 0 0 0 0
0.0523299 685312 685312 685312 685315 1.14685e+06 0 0 0 0 0 0 0
0.0604296 615214 615214 615214 615215 850595 0 0 0 0 0 0 0
0.0697831 515589 515589 515589 515591 629872 0 0 0 0 0 0 0
0.0805842 412085 412085 412085 412086 465704 0 0 0 0 0 0 0
0.0930572 319227 319227 319227 319227 343806 0 0 0 0 0 0 0
0.107461 242351 242351 242351 242352 253442 0 0 0 0 0 0 0
0.124094 181613 181613 181613 181614 186563 0 0 0 0 0 0 0
0.143301 134952 134952 134952 134953 137144 0 0 0 0 0 0 0
0.165482 99718.2 99718.2 99718.2 99718.3 100683 0 0 0 0 0 0 0
0.191095 73399.5 73399.5 73399.5 73399.6 73822.3 0 0 0 0 0 0 0
0.220673 53878.4 53878.4 53878.4 53878.4 54062.9 0 0 0 0 0 0 0
0.25483 39467.4 39467.4 39467.4 39467.5 39547.7 0 0 0 0 0 0 0
0.294273 28864.5 28864.5 28864.5 28864.5 28899.3 0 0 0 0 0 0 0
0.339821 21082.5 21082.5 21082.5 21082.5 21097.6 0 0 0 0 0 0 0
0.392419 15382 15382 15382 15382 15388.5 0 0 0 0 0 0 0
0.453158 11212.7 11212.7 11212.7 11212.7 11215.5 0 0 0 0 0 0 0
0.523299 8167.38 8167.38 8167.38 8167.38 8168.58 0 0 0 0 0 0 0
0.604296 5945.53 5945.53 5945.53 5945.53 5946.04 0 0 0 0 0 0 0
0.697831 4326.05 4326.05 4326.05 4326.06 4326.28 0 0 0 0 0 0 0
0.805842 3146.64 3146.64 3146.64 3146.64 3146.73 0 0 0 0 0 0 0
0.930572 2288.32 2288.32 2288.32 2288.32 2288.36 0 0 0 0 0 0 0
1.07461 1664.03 1664.03 1664.03 1664.03 1664.05 0 0 0 0 0 0 0
1.24094 1210.17 1210.17 1210.17 1210.17 1210.18 0 0 0 0 0 0 0
1.43301 880.318 880.318 880.318 880.318 880.325 0 0 0 0 0 0 0
1.65482 640.633 640.633 640.633 640.633 640.636 0 0 0 0 0 0 0
1.91095 466.469 466.469 466.469 466.469 466.47 0 0 0 0 0 0 0
2.20673 339.989 339.989 339.989 339.989 339.989 0 0 0 0 3550.43 0 0
2.5483 248.043 248.043 248.043 248.043 248.043 0 0 0 0 2675.68 0 0
2.94273 181.175 181.175 181.175 181.175 181.175 0 0 0 0 2133.92 0 0
3.39821 132.515 132.515 132.515 132.515 132.515 0 0 0 0 1769.75 0 0
3.92419 97.07 97.07 97.07 97.07 97.07 0 0 0 0 1235.48 0 0
4.53158 71.225 71.225 71.225 71.225 71.225 0 0 0 0 814.183 0 0
5.23299 52.358 52.358 52.358 52.358 52.358 0 0 0 0 557.984 0 0
6.04296 38.5672 38.5672 38.5672 38.5672 38.5672 0 0 0 0 422.471 0 0
6.97831 28.4706 28.4706 28.4706 28.4706 28.4706 0 0 0 0 330.299 0 0
8.05842 21.064 21.064 21.064 21.064 21.064 0 0 0 0 252.116 0 0
9.30572 15.6172 15.6172 15.6172 15.6172 15.6172 0 0 0 0 184.179 0 0
10.7461 11.6053 11.6053 11.6053 11.6053 11.6053 0 0 0 0 108.754 0 0
12.4094 8.64179 8.64179 8.64179 8.64179 8.64179 0 0 0 0 60.2526 0 0
14.3301 6.44989 6.44989 6.44989 6.44989 6.44989 0 0 0 0 35.1856 0 0
16.5482 4.82369 4.82369 4.82369 4.82369 4.82369 0 0 0 0 21.1217 0 0
19.1095 3.6158 3.6158 3.6158 3.6158 3.6158 0 0 0 0 12.6982 0 0
22.0673 2.71547 2.71547 2.71547 2.71547 2.71547 0 0 0 0 7.634 0 0
25.483 2.04374 2.04374 2.04374 2.04374 2.04374 0 0 0 0 4.48735 0 0
29.4273 1.54066 1.54066 1.54066 1.54066 1.54066 0 0 0 0 2.51008 0 0
33.9821 1.16372 1.16372 1.16372 1.16372 1.16372 0 0 0 0 1.40931 0 0
39.2419 0.880186 0.880186 0.880186 0.880186 0.880186 0 0 0 0 1.08537 0 0
45.3158 0.666959 0.666959 0.666959 0.666959 0.666959 0 0 0 0 0.840915 0 0
52.3299 0.505933 0.505933 0.505933 0.505933 0.505933 0 0 0 0 0.651517 0 0
60.4296 0.384425 0.384425 0.384425 0.384425 0.384425 0 0 0 0 0.504776 0 0
69.7831 0.29233 0.29233 0.29233 0.29233 0.29233 0 0 0 0 0.391084 0 0
80.5842 0.22263 0.22263 0.22263 0.22263 0.22263 0 0 0 0 0.302999 0 0
93.0572 0.169635 0.169635 0.169635 0.169635 0.169635 0 0 0 0 0.234752 0 0
107.461 0.129428 0.129428 0.129428 0.129428 0.129428 0 0 0 0 0.181876 0 0
124.094 0.0987754 0.0987754 0.0987754 0.0987754 0.0987754 0 0 0 0 0.14091 0 0
143.301 0.0754723 0.0754723 0.0754723 0.0754723 0.0754723 0 0 0 0 0.10917 0 0
165.482 0.0576676 0.0576676 0.0576676 0.0576676 0.0576676 0 0 0 0 0.0845794 0 0
191.095 0.0441104 0.0441104 0.0441104 0.0441104 0.0441104 0 0 0 0 0.0655272 0 0
220.673 0.0337339 0.0337339 0.0337339 0.0337339 0.0337339 0 0 0 0 0.0507663 0 0
254.83 0.0258235 0.0258235 0.0258235 0.0258235 0.0258235 0 0 0 0 0.03933 0 0
294.273 0.0197608 0.0197608 0.0197608 0.0197608 0.0197608 0 0 0 0 0.0304697 0 0
339.821 0.0151351 0.0151351 0.0151351 0.0151351 0.0151351 0 0 0 0 0.0236052 0 0
392.419 0.0115864 0.0115864 0.0115864 0.0115864 0.0115864 0 0 0 0 0.0182869 0 0
453.158 0.00887721 0.00887721 0.00887721 0.00887721 0.00887721 0 0 0 0 0.0141666 0 0
523.299 0.00679737 0.00679737 0.00679737 0.00679737 0.00679737 0 0 0 0 0.0109744 0 0
604.296 0.00520901 0.00520901 0.00520901 0.00520901 0.00520901 0 0 0 0 0.00850138 0 0
697.831 0.00398906 0.00398906 0.00398906 0.00398906 0.00398906 0 0 0 0 0.00658544 0 0
805.842 0.00305721 0.00305721 0.00305721 0.00305721 0.00305721 0 0 0 0 0.00510114 0 0
930.572 0.00234129 0.00234129 0.00234129 0.00234129 0.00234129 0 0 0 0 0.00395125 0 0
1074.61 0.0017944 0.0017944 0.0017944 0.0017944 0.0017944 0 0 0 0 0.00306044 0 0
1240.94 0.00137418 0.00137418 0.00137418 0.00137418 0.00137418 0 0 0 0 0.00237035 0 0
1433.01 0.00105316 0.00105316 0.00105316 0.00105316 0.00105316 0 0 0 0 0.00183577 0 0
1654.82 0.0008065 0.0008065 0.0008065 0.0008065 0.0008065 0 0 0 0 0.00142166 0 0
1910.95 0.000618072 0.000618072 0.000618072 0.000618072 0.000618072 0 0 0 0 0.00110089 0 0
2206.73 0.000473292 0.000473292 0.000473292 0.000473292 0.000473292 0 0 0 0 0.000852421 0 0
2548.3 0.000362697 0.000362697 0.000362697 0.000362697 0.000362697 0 0 0 0 0.000659965 0 0
2942.73 0.000277729 0.000277729 0.000277729 0.000277729 0.000277729 0 0 0 0 0.000510903 0 0
3398.21 0.000212823 0.000212823 0.000212823 0.000212823 0.000212823 0 0 0 0 0.000395458 0 0
3924.19 0.000162963 0.000162963 0.000162963 0.000162963 0.000162963 0 0 0 0 0.000306052 0 0
4531.58 0.000124875 0.000124875 0.000124875 0.000124875 0.000124875 0 0 0 0 0.000236816 0 0
5232.99 9.56587e-05 9.56587e-05 9.56587e-05 9.56587e-05 9.56587e-05 0 0 0 0 0.000183205 0 0
6042.96 7.33097e-05 7.33097e-05 7.33097e-05 7.33097e-05 7.33097e-05 0 0 0 0 0.000141696 0 0
6978.31 5.61453e-05 5.61453e-05 5.61453e-05 5.61453e-05 5.61453e-05 0 0 0 0 0.000109562 0 0
8058.42 4.30312e-05 4.30312e-05 4.30312e-05 4.30312e-05 4.30312e-05 0 0 0 0 8.46866e-05 0 0
9305.72 3.29604e-05 3.29604e-05 3.29604e-05 3.29604e-05 3.29604e-05 0 0 0 0 6.54334e-05 0 0
10746.1 2.52646e-05 2.52646e-05 2.52646e-05 2.52646e-05 2.52646e-05 0 0 0 0 5.05327e-05 0 0
12409.4 1.93552e-05 1.93552e-05 1.93552e-05 1.93552e-05 1.93552e-05 0 0 0 0 3.90062e-05 0 0
14330.1 1.48384e-05 1.48384e-05 1.48384e-05 1.48384e-05 1.48384e-05 0 0 0 0 3.00904e-05 0 0
16548.2 1.13703e-05 1.13703e-05 1.13703e-05 1.13703e-05 1.13703e-05 0 0 0 0 2.31952e-05 0 0
19109.5 8.71883e-06 8.71883e-06 8.71883e-06 8.71883e-06 8.71883e-06 0 0 0 0 1.78644e-05 0 0
22067.3 6.68303e-06 6.68303e-06 6.68303e-06 6.68303e-06 6.68303e-06 0 0 0 0 1.37447e-05 0 0
25483 5.12618e-06 5.12618e-06 5.12618e-06 5.12618e-06 5.12618e-06 0 0 0 0 1.05623e-05 0 0
29427.3 3.93085e-06 3.93085e-06 3.93085e-06 3.93085e-06 3.93085e-06 0 0 0 0 8.10527e-06 0 0
33982.1 3.01646e-06 3.01646e-06 3.01646e-06 3.01646e-06 3.01646e-06 0 0 0 0 6.20894e-06 0 0
39241.9 2.3144e-06 2.3144e-06 2.3144e-06 2.3144e-06 2.3144e-06 0 0 0 0 4.74661e-06 0 0
45315.8 1.77716e-06 1.77716e-06 1.77716e-06 1.77716e-06 1.77716e-06 0 0 0 0 3.61999e-06 0 0
52329.9 1.36466e-06 1.36466e-06 1.36466e-06 1.36466e-06 1.36466e-06 0 0 0 0 2.75292e-06 0 0
60429.6 1.04885e-06 1.04885e-06 1.04885e-06 1.04885e-06 1.04885e-06 0 0 0 0 2.08644e-06 0 0
69783.1 8.0632e-07 8.0632e-07 8.0632e-07 8.0632e-07 8.0632e-07 0 0 0 0 1.57472e-06 0 0
80584.2 6.20533e-07 6.20533e-07 6.20533e-07 6.20533e-07 6.20533e-07 0 0 0 0 1.18279e-06 0 0
93057.2 4.77787e-07 4.77787e-07 4.77787e-07 4.77787e-07 4.77787e-07 0 0 0 0 8.83347e-07 0 0
107461 3.6833e-07 3.6833e-07 3.6833e-07 3.6833e-07 3.6833e-07 0 0 0 0 6.55261e-07 0 0
124094 2.84157e-07 2.84157e-07 2.84157e-07 2.84157e-07 2.84157e-07 0 0 0 0 4.82158e-07 0 0
143301 2.19524e-07 2.19524e-07 2.19524e-07 2.19524e-07 2.19524e-07 0 0 0 0 3.51376e-07 0 0
165482 1.69751e-07 1.69751e-07 1.69751e-07 1.69751e-07 1.69751e-07 0 0 0 0 2.53228e-07 0 0
191095 1.31458e-07 1.31458e-07 1.31458e-07 1.31458e-07 1.31458e-07 0 0 0 0 1.80127e-07 0 0
220673 1.0191e-07 1.0191e-07 1.0191e-07 1.0191e-07 1.0191e-07 0 0 0 0 1.26189e-07 0 0
254830 7.91217e-08 7.91217e-08 7.91217e-08 7.91217e-08 7.91217e-08 0 0 0 0 8.68168e-08 0 0
294273 6.14947e-08 6.14947e-08 6.14947e-08 6.14947e-08 6.14947e-08 0 0 0 0 5.84866e-08 0 0
339821 4.78612e-08 4.78612e-08 4.78612e-08 4.78612e-08 4.78612e-08 0 0 0 0 3.84614e-08 0 0
392419 3.72866e-08 3.72866e-08 3.72866e-08 3.72866e-08 3.72866e-08 0 0 0 0 2.45957e-08 0 0
453158 2.90828e-08 2.90828e-08 2.90828e-08 2.90828e-08 2.90828e-08 0 0 0 0 1.52289e-08 0 0
523299 2.27013e-08 2.27013e-08 2.27013e-08 2.27013e-08 2.27013e-08 0 0 0 0 9.07517e-09 0 0
604296 1.77352e-08 1.77352e-08 1.77352e-08 1.77352e-08 1.77352e-08 0 0 0 0 5.17767e-09 0 0
697831 1.38608e-08 1.38608e-08 1.38608e-08 1.38608e-08 1.38608e-08 0 0 0 0 2.80986e-09 0 0
805842 1.08369e-08 1.08369e-08 1.08369e-08 1.08369e-08 1.08369e-08 0 0 0 0 1.4394e-09 0 0
930572 8.47136e-09 8.47136e-09 8.47136e-09 8.47136e-09 8.47136e-09 0 0 0 0 6.89785e-10 0 0
1.07461e+06 6.62028e-09 6.62028e-09 6.62028e-09 6.62028e-09 6.62028e-09 0 0 0 0 3.05488e-10 0 0
1.24094e+06 5.16918e-09 5.16918e-09 5.16918e-09 5.16918e-09 5.16918e-09 0 0 8.83146e-23 0 1.23763e-10 0 0
1.43301e+06 4.03157e-09 4.03157e-09 4.03157e-09 4.03157e-09 4.03157e-09 0 0 1.26557e-22 0 4.52482e-11 0 0
1.65482e+06 3.13874e-09 3.13874e-09 3.13874e-09 3.13874e-09 3.13874e-09 0 0 1.75172e-22 0 1.46969e-11 0 0
1.91095e+06 2.43843e-09 2.43843e-09 2.43843e-09 2.43843e-09 2.43843e-09 0 0 2.40885e-22 0 4.1588e-12 0 0
2.20673e+06 1.88908e-09 1.88908e-09 1.88908e-09 1.88908e-09 1.88908e-09 0 0 3.14558e-22 0 1.00202e-12 0 0
2.5483e+06 1.45881e-09 1.45881e-09 1.45881e-09 1.45881e-09 1.45881e-09 0 0 4.11776e-22 0 2.01127e-13 0 0
2.94273e+06 1.12219e-09 1.12219e-09 1.12219e-09 1.12219e-09 1.12219e-09 0 0 5.18032e-22 0 3.27075e-14 0 0
3.39821e+06 8.59555e-10 8.59555e-10 8.59555e-10 8.59555e-10 8.59555e-10 0 0 6.46873e-22 0 4.17338e-15 0 0
3.92419e+06 6.55162e-10 6.55162e-10 6.55162e-10 6.55162e-10 6.55162e-10 0 0 7.84646e-22 0 4.00496e-16 0 0
4.53158e+06 4.96735e-10 4.96735e-10 4.96735e-10 4.96735e-10 4.96735e-10 0 0 9.50289e-22 0 2.76939e-17 0 0
5.23299e+06 3.74421e-10 3.74421e-10 3.74421e-10 3.74421e-10 3.74421e-10 0 0 1.11901e-21 0 1.31697e-18 0 0
6.04296e+06 2.8049e-10 2.8049e-10 2.8049e-10 2.8049e-10 2.8049e-10 0 0 1.32514e-21 0 4.06802e-20 0 0
6.97831e+06 2.08733e-10 2.08733e-10 2.08733e-10 2.08733e-10 2.08733e-10 0 0 1.52192e-21 0 7.64284e-22 0 0
8.05842e+06 1.54268e-10 1.54268e-10 1.54268e-10 1.54268e-10 1.54268e-10 0 0 1.75216e-21 0 0 0 0
9.30572e+06 1.13192e-10 1.13192e-10 1.13192e-10 1.13192e-10 1.13192e-10 0 0 1.97316e-21 0 0 0 0
1.07461e+07 8.24395e-11 8.24395e-11 8.24395e-11 8.24395e-11 8.24395e-11 0 0 2.22303e-21 0 0 0 0
1.24094e+07 5.95823e-11 5.95823e-11 5.95823e-11 5.95823e-11 5.95823e-11 0 0 2.45727e-21 0 0 0 0
1.43301e+07 4.27291e-11 4.27291e-11 4.27291e-11 4.27291e-11 4.27291e-11 0 0 2.73209e-21 0 0 0 0
1.65482e+07 3.03992e-11 3.03992e-11 3.03992e-11 3.03992e-11 3.03992e-11 0 0 2.97507e-21 0 0 0 0
1.91095e+07 2.14547e-11 2.14547e-11 2.14547e-11 2.14547e-11 2.14547e-11 0 0 3.26046e-21 0 0 0 0
2.20673e+07 1.50189e-11 1.50189e-11 1.50189e-11 1.50189e-11 1.50189e-11 0 0 3.51236e-21 0 0 0 0
2.5483e+07 1.04283e-11 1.04283e-11 1.04283e-11 1.04283e-11 1.04283e-11 0 0 3.7911e-21 0 0 0 0
2.94273e+07 7.18121e-12 7.18121e-12 7.18121e-12 7.18121e-12 7.18121e-12 0 0 4.02825e-21 0 0 0 0
3.39821e+07 4.90468e-12 4.90468e-12 4.90468e-12 4.90468e-12 4.90468e-12 0 0 4.31776e-21 0 0 0 0
3.92419e+07 3.32212e-12 3.32212e-12 3.32212e-12 3.32212e-12 3.32212e-12 0 0 4.55071e-21 0 0 0 0
4.53158e+07 2.23173e-12 2.23173e-12 2.23173e-12 2.23173e-12 2.23173e-12 0 0 4.83208e-21 0 0 0 0
5.23299e+07 1.48684e-12 1.48684e-12 1.48684e-12 1.48684e-12 1.48684e-12 0 8.20759e-22 5.06453e-21 0 0 0 0
6.04296e+07 9.82497e-13 9.82497e-13 9.82497e-13 9.82497e-13 9.82497e-13 0 5.22623e-20 5.33295e-21 0 0 0 0
6.97831e+07 6.43927e-13 6.43927e-13 6.43927e-13 6.43927e-13 6.43927e-13 0 7.93388e-20 5.56302e-21 0 0 0 0
8.05842e+07 4.18647e-13 4.18647e-13 4.18647e-13 4.18647e-13 4.18647e-13 0 8.29505e-20 5.80722e-21 0 0 0 0
9.30572e+07 2.70019e-13 2.70019e-13 2.70019e-13 2.70019e-13 2.70019e-13 0 8.61535e-20 6.00043e-21 0 0 0 0
1.07461e+08 1.72814e-13 1.72814e-13 1.72814e-13 1.72814e-13 1.72814e-13 6.60331e-21 8.93716e-20 6.25788e-21 0 0 31.4483 0
1.24094e+08 1.09771e-13 1.09771e-13 1.09771e-13 1.09771e-13 1.09771e-13 4.71704e-20 9.22302e-20 6.45002e-21 0 0 27.6278 0
1.43301e+08 6.92279e-14 6.92279e-14 6.92279e-14 6.92279e-14 6.92279e-14 5.85799e-20 9.4764e-20 6.68588e-21 0 0 24.2715 0
1.65482e+08 4.33644e-14 4.33644e-14 4.33644e-14 4.33644e-14 4.33644e-14 6.06164e-20 9.69928e-20 6.88037e-21 0 0 21.3229 0
1.91095e+08 2.69964e-14 2.69964e-14 2.69964e-14 2.69964e-14 2.69964e-14 6.22247e-20 9.89235e-20 7.09775e-21 0 0 18.7325 0
2.20673e+08 1.67147e-14 1.67147e-14 1.67147e-14 1.67147e-14 1.67147e-14 6.35724e-20 1.0066e-19 7.29244e-21 0 0 16.4569 0
2.5483e+08 1.03017e-14 1.03017e-14 1.03017e-14 1.03017e-14 1.03017e-14 6.47254e-20 1.02246e-19 7.48329e-21 0 0 14.4576 0
2.94273e+08 6.32746e-15 6.32746e-15 6.32746e-15 6.32746e-15 6.32746e-15 6.55239e-20 1.03464e-19 7.63704e-21 0 0 12.7013 0
3.39821e+08 3.87818e-15 3.87818e-15 3.87818e-15 3.87818e-15 3.87818e-15 6.5986e-20 1.04294e-19 7.85053e-21 0 0 11.6506 0
3.92419e+08 2.37593e-15 2.37593e-15 2.37593e-15 2.37593e-15 2.37593e-15 6.6124e-20 1.04712e-19 8.01111e-21 0 0 11.1583 0
4.53158e+08 1.45738e-15 1.45738e-15 1.45738e-15 1.45738e-15 1.45738e-15 6.59469e-20 1.04698e-19 8.2021e-21 0 0 10.6868 0
5.23299e+08 8.97011e-16 8.97011e-16 8.97011e-16 8.97011e-16 8.97011e-16 6.5467e-20 1.04235e-19 8.37433e-21 0 0 10.2352 0
6.04296e+08 5.54963e-16 5.54963e-16 5.54963e-16 5.54963e-16 5.54963e-16 6.48366e-20 1.03313e-19 8.54762e-21 0 0 9.80272 0
6.97831e+08 3.45959e-16 3.45959e-16 3.45959e-16 3.45959e-16 3.45959e-16 6.38923e-20 1.01931e-19 8.67392e-21 0 0 9.38851 0
8.05842e+08 2.1757e-16 2.1757e-16 2.1757e-16 2.1757e-16 2.1757e-16 6.26505e-20 1.00098e-19 8.87569e-21 0 0 8.9918 0
9.30572e+08 1.38299e-16 1.38299e-16 1.38299e-16 1.38299e-16 1.38299e-16 6.11319e-20 9.78339e-20 9.01196e-21 0 0 8.61186 0
1.07461e+09 8.88808e-17 8.88808e-17 8.88808e-17 8.88808e-17 8.88808e-17 5.9362e-20 9.51678e-20 9.1937e-21 0 0 8.6429 0
1.24094e+09 5.77946e-17 5.77946e-17 5.77946e-17 5.77946e-17 5.77946e-17 5.737e-20 9.21393e-20 9.34452e-21 0 0 9.08938 0
1.43301e+09 3.79949e-17 3.79949e-17 3.79949e-17 3.79949e-17 3.79949e-17 5.5189e-20 8.87956e-20 9.50295e-21 0 0 9.55893 0
1.65482e+09 2.5241e-17 2.5241e-17 2.5241e-17 2.5241e-17 2.5241e-17 5.28542e-20 8.51896e-20 9.6734e-21 0 0 10.0527 0
1.91095e+09 1.69213e-17 1.69213e-17 1.69213e-17 1.69213e-17 1.69213e-17 5.04022e-20 8.13776e-20 9.81386e-21 0 0 10.5721 0
2.20673e+09 1.14311e-17 1.14311e-17 1.14311e-17 1.14311e-17 1.14311e-17 4.78693e-20 7.74171e-20 9.92881e-21 0 0 11.1182 0
2.5483e+09 7.77342e-18 7.77342e-18 7.77342e-18 7.77342e-18 7.77342e-18 4.52904e-20 7.3364e-20 1.01125e-20 0 0 11.6926 0
2.94273e+09 5.31036e-18 5.31036e-18 5.31036e-18 5.31036e-18 5.31036e-18 4.26981e-20 6.92714e-20 1.02469e-20 0 0 12.2966 0
3.39821e+09 3.64262e-18 3.64262e-18 3.64262e-18 3.64262e-18 3.64262e-18 4.01218e-20 6.51875e-20 1.04032e-20 0 0 12.9318 0
3.92419e+09 2.5048e-18 2.5048e-18 2.5048e-18 2.5048e-18 2.5048e-18 3.7587e-20 6.11551e-20 1.05563e-20 0 0 13.5999 0
4.53158e+09 1.72595e-18 1.72595e-18 1.72595e-18 1.72595e-18 1.72595e-18 3.51156e-20 5.72104e-20 1.06856e-20 0 0 14.3024 0
5.23299e+09 1.19083e-18 1.19083e-18 1.19083e-18 1.19083e-18 1.19083e-18 3.27249e-20 5.33901e-20 1.08629e-20 0 0 15.0413 0
6.04296e+09 8.22169e-19 8.22169e-19 8.22169e-19 8.22169e-19 8.22169e-19 3.04287e-20 4.97117e-20 1.097e-20 0 0 15.8183 0
6.97831e+09 5.68052e-19 5.68052e-19 5.68052e-19 5.68052e-19 5.68052e-19 2.8237e-20 4.61904e-20 1.10847e-20 0 0 16.6354 0
8.05842e+09 3.92403e-19 3.92403e-19 3.92403e-19 3.92403e-19 3.92403e-19 2.61565e-20 4.28391e-20 1.12404e-20 0 0 17.4948 0
9.30572e+09 2.70668e-19 2.70668e-19 2.70668e-19 2.70668e-19 2.70668e-19 2.41913e-20 3.96657e-20 1.13744e-20 0 0 18.3986 0
1.07461e+10 1.84576e-19 1.84576e-19 1.84576e-19 1.84576e-19 1.84576e-19 2.23428e-20 3.66743e-20 1.14988e-20 0 0 20.6435 0
1.24094e+10 1.22814e-19 1.22814e-19 1.22814e-19 1.22814e-19 1.22814e-19 2.06106e-20 3.38653e-20 1.16604e-20 0 0 24.7121 0
1.43301e+10 7.90275e-20 7.90275e-20 7.90275e-20 7.90275e-20 7.90275e-20 1.89926e-20 3.12367e-20 1.17839e-20 0 0 29.5825 0
1.65482e+10 4.89871e-20 4.89871e-20 4.89871e-20 4.89871e-20 4.89871e-20 1.74857e-20 2.87841e-20 1.20415e-20 0 0 35.4127 0
1.91095e+10 2.92811e-20 2.92811e-20 2.92811e-20 2.92811e-20 2.92811e-20 1.60856e-20 2.65017e-20 1.2282e-20 0 0 42.392 0
2.20673e+10 1.69523e-20 1.69523e-20 1.69523e-20 1.69523e-20 1.69523e-20 1.47875e-20 2.43824e-20 1.27432e-20 0 0 50.7469 34.7254
2.5483e+10 9.53356e-21 9.53356e-21 9.53356e-21 9.53356e-21 9.53356e-21 1.35863e-20 2.24184e-20 1.34687e-20 0 0 60.7483 22.9578
2.94273e+10 5.21081e-21 5.21081e-21 5.21081e-21 5.21081e-21 5.21081e-21 1.24764e-20 2.06012e-20 1.45902e-20 0 0 72.7209 15.5417
3.39821e+10 2.80011e-21 2.80011e-21 2.80011e-21 2.80011e-21 2.80011e-21 1.14523e-20 1.89223e-20 1.61372e-20 0 0 87.0531 10.7604
3.92419e+10 1.51784e-21 1.51784e-21 1.51784e-21 1.51784e-21 1.51784e-21 1.05086e-20 1.73732e-20 1.84724e-20 0 0 104.21 7.61059
4.53158e+10 8.43022e-22 8.43025e-22 8.43025e-22 8.43025e-22 8.43025e-22 9.63961e-21 1.59452e-20 2.16043e-20 0 0 124.748 5.49245
5.23299e+10 4.82217e-22 4.82221e-22 4.82221e-22 4.82221e-22 4.82221e-22 8.84024e-21 1.463e-20 2.60271e-20 0 0 149.334 4.04008
6.04296e+10 2.83186e-22 2.83189e-22 2.83189e-22 2.83189e-22 2.83189e-22 8.10538e-21 1.34197e-20 3.15601e-20 0 0 178.766 3.02568
6.97831e+10 1.69108e-22 1.69111e-22 1.69111e-22 1.69111e-22 1.69111e-22 7.0035e-21 1.16856e-20 3.87115e-20 0 0 213.998 2.3047
8.05842e+10 1.01773e-22 1.01777e-22 1.01777e-22 1.01777e-22 1.01777e-22 6.04687e-21 1.01622e-20 4.71054e-20 0 0 256.174 1.78376
9.30572e+10 6.15294e-23 6.15323e-23 6.15323e-23 6.15323e-23 6.15323e-23 5.21678e-21 8.82539e-21 5.72454e-20 0 0 306.662 1.40144
1.07461e+11 3.7559e-23 3.75615e-23 3.75615e-23 3.75615e-23 3.75615e-23 4.49688e-21 7.65373e-21 6.86672e-20 0 0 367.1 1.11671
1.24094e+11 2.31985e-23 2.32006e-23 2.32006e-23 2.32006e-23 2.32006e-23 3.87291e-21 6.62802e-21 8.25871e-20 0 0 439.45 0.901709
1.43301e+11 1.45527e-23 1.45546e-23 1.45546e-23 1.45546e-23 1.45546e-23 3.33244e-21 5.73122e-21 9.72922e-20 0 0 526.059 0.737233
1.65482e+11 9.52476e-24 9.52638e-24 9.52638e-24 9.52638e-24 9.52638e-24 2.8646e-21 4.94813e-21 1.14625e-19 0 0 629.737 0.609868
1.91095e+11 6.48944e-24 6.49091e-24 6.49091e-24 6.49091e-24 6.49091e-24 2.45992e-21 4.26529e-21 1.32449e-19 0 0 753.849 0.510106
2.20673e+11 4.56582e-24 4.5672e-24 4.5672e-24 4.5672e-24 4.5672e-24 2.11015e-21 3.67069e-21 1.50773e-19 0 0 902.421 0.431129
2.5483e+11 3.29493e-24 3.29623e-24 3.29623e-24 3.29623e-24 3.29623e-24 1.80808e-21 3.15366e-21 1.65663e-19 0 0 1080.27 0.367983
2.94273e+11 2.42474e-24 2.42598e-24 2.42598e-24 2.42598e-24 2.42598e-24 1.54743e-21 2.70475e-21 1.77613e-19 0 0 1293.18 0.317029
3.39821e+11 1.8115e-24 1.81268e-24 1.81268e-24 1.81268e-24 1.81268e-24 1.32273e-21 2.31563e-21 1.81498e-19 0 0 0 0.275565
3.92419e+11 1.36929e-24 1.37042e-24 1.37042e-24 1.37042e-24 1.37042e-24 1.12921e-21 1.97885e-21 1.79609e-19 0 0 0 0.241562
4.53158e+11 1.0442e-24 1.04527e-24 1.04527e-24 1.04527e-24 1.04527e-24 9.62707e-22 1.68784e-21 1.67556e-19 0 0 0 0.213483
5.23299e+11 8.01604e-25 8.0262e-25 8.0262e-25 8.0262e-25 8.0262e-25 8.19604e-22 1.43681e-21 1.49498e-19 0 0 0 0.190154
6.04296e+11 6.18602e-25 6.1955e-25 6.1955e-25 6.1955e-25 6.1955e-25 6.96752e-22 1.22068e-21 1.26172e-19 0 0 0 0.170669
6.97831e+11 4.7918e-25 4.80049e-25 4.80049e-25 4.80049e-25 4.80049e-25 5.91422e-22 1.03492e-21 1.00532e-19 0 0 0 0.154323
8.05842e+11 3.72305e-25 3.73088e-25 3.73088e-25 3.73088e-25 3.73088e-25 5.0122e-22 8.75552e-22 7.55293e-20 0 0 0 0.140565
9.30572e+11 2.8991e-25 2.90602e-25 2.90602e-25 2.90602e-25 2.90602e-25 4.24069e-22 7.39089e-22 5.36646e-20 0 0 0 0.12896
1.07461e+12 2.26193e-25 2.26794e-25 2.26794e-25 2.26794e-25 2.26794e-25 3.5818e-22 6.22516e-22 3.54202e-20 0 0 0 0.119166
1.24094e+12 1.76821e-25 1.77333e-25 1.77333e-25 1.77333e-25 1.77333e-25 3.01996e-22 5.23111e-22 2.19544e-20 0 0 0 0.110908
1.43301e+12 1.38512e-25 1.38942e-25 1.38942e-25 1.38942e-25 1.38942e-25 2.54154e-22 4.38513e-22 1.25812e-20 0 0 0 0.103969
1.65482e+12 1.08749e-25 1.09106e-25 1.09106e-25 1.09106e-25 1.09106e-25 2.13475e-22 3.66694e-22 6.78957e-21 0 0 0 0.098177
1.91095e+12 8.56703e-26 8.59637e-26 8.59637e-26 8.59637e-26 8.59637e-26 1.78952e-22 3.05889e-22 3.33193e-21 0 0 0 0.0933933
2.20673e+12 6.77427e-26 6.79825e-26 6.79825e-26 6.79825e-26 6.79825e-26 1.49711e-22 2.54509e-22 1.51113e-21 0 0 0 0.0895108
2.5483e+12 5.38567e-26 5.40524e-26 5.40524e-26 5.40524e-26 5.40524e-26 1.24982e-22 2.11188e-22 6.04955e-22 0 0 0 0.0864461
2.94273e+12 4.3084e-26 4.32442e-26 4.32442e-26 4.32442e-26 4.32442e-26 1.04102e-22 1.74768e-22 2.1634e-22 0 0 0 0.0841374
3.39821e+12 3.47167e-26 3.48489e-26 3.48489e-26 3.48489e-26 3.48489e-26 8.65189e-23 1.44265e-22 6.47507e-23 0 0 0 0.082541
3.92419e+12 2.82296e-26 2.83402e-26 2.83402e-26 2.83402e-26 2.83402e-26 7.17461e-23 1.18762e-22 1.55879e-23 0 0 0 0.08163
4.53158e+12 2.31781e-26 2.3272e-26 2.3272e-26 2.3272e-26 2.3272e-26 5.93549e-23 9.74808e-23 3.04644e-24 0 0 0 0.0813928
5.23299e+12 1.92267e-26 1.93076e-26 1.93076e-26 1.93076e-26 1.93076e-26 4.89809e-23 7.98114e-23 8.81053e-25 0 0 0 0.0818329
6.04296e+12 1.6119e-26 1.61898e-26 1.61898e-26 1.61898e-26 1.61898e-26 4.03264e-23 6.52042e-23 6.66624e-25 0 0 0 0.0829683
6.97831e+12 1.36597e-26 1.37224e-26 1.37224e-26 1.37224e-26 1.37224e-26 3.31287e-23 5.31481e-23 6.72849e-25 0 0 0 0.0848322
8.05842e+12 1.16986e-26 1.17549e-26 1.17549e-26 1.17549e-26 1.17549e-26 2.7152e-23 4.32211e-23 6.84887e-25 0 0 0 0.0874729
9.30572e+12 1.01133e-26 1.01645e-26 1.01645e-26 1.01645e-26 1.01645e-26 2.21953e-23 3.51044e-23 7.02138e-25 0 0 0 0.0909553
1.07461e+13 8.82171e-27 8.86922e-27 8.86922e-27 8.86922e-27 8.86922e-27 1.81133e-23 2.85216e-23 7.31485e-25 0 0 0 0.0953611
1.24094e+13 7.75716e-27 7.80217e-27 7.80217e-27 7.80217e-27 7.80217e-27 1.47618e-23 2.31764e-23 7.58289e-25 0 0 0 0.10079
1.43301e+13 6.86666e-27 6.91058e-27 6.91058e-27 6.91058e-27 6.91058e-27 1.20135e-23 1.88448e-23 7.79022e-25 0 0 0 0.10736
1.65482e+13 6.11099e-27 6.15561e-27 6.15561e-27 6.15561e-27 6.15561e-27 9.76316e-24 1.53862e-23 8.06879e-25 0 0 0 0.115206
1.91095e+13 5.47251e-27 5.52037e-27 5.52037e-27 5.52037e-27 5.52037e-27 7.94254e-24 1.26444e-23 8.40169e-25 0 0 0 0.12448
2.20673e+13 4.93172e-27 4.98638e-27 4.98638e-27 4.98638e-27 4.98638e-27 6.47697e-24 1.04454e-23 8.63217e-25 0 0 0 0.135345
2.5483e+13 4.46704e-27 4.5334e-27 4.5334e-27 4.5334e-27 4.5334e-27 5.29532e-24 8.65438e-24 8.66339e-25 0 0 0 0.147968
2.94273e+13 4.06283e-27 4.14711e-27 4.14711e-27 4.14711e-27 4.14711e-27 4.34188e-24 7.22226e-24 8.62553e-25 0 0 0 0.162507
3.39821e+13 3.7301e-27 3.83953e-27 3.83953e-27 3.83953e-27 3.83953e-27 3.59399e-24 6.06336e-24 8.47651e-25 0 0 0 0.179093
3.92419e+13 3.45694e-27 3.59886e-27 3.59886e-27 3.59886e-27 3.59886e-27 3.00538e-24 5.06397e-24 8.03829e-25 0 0 0 0.197804
4.53158e+13 3.22416e-27 3.40498e-27 3.40498e-27 3.40498e-27 3.40498e-27 2.53233e-24 4.17281e-24 7.30514e-25 0 0 0 0.218621
5.23299e+13 3.01549e-27 3.23955e-27 3.23955e-27 3.23955e-27 3.23955e-27 2.14245e-24 3.41067e-24 6.48159e-25 0 0 0 0.241387
6.04296e+13 2.85045e-27 3.12194e-27 3.12194e-27 3.12194e-27 3.12194e-27 1.8339e-24 2.73972e-24 5.55162e-25 0 0 0 0.265741
6.97831e+13 2.70413e-27 3.02382e-27 3.02382e-27 3.02382e-27 3.02382e-27 1.57612e-24 2.13008e-24 4.50474e-25 0 0 0 0.291055
8.05842e+13 2.54367e-27 2.9071e-27 2.9071e-27 2.9071e-27 2.9071e-27 1.34345e-24 1.59287e-24 3.44975e-25 0 0 0 0.316368
9.30572e+13 2.34242e-27 2.74471e-27 2.74471e-27 2.74471e-27 2.74471e-27 1.12376e-24 1.15486e-24 2.53332e-25 0 0 0 0.340344
1.07461e+14 2.11087e-27 2.57242e-27 2.57242e-27 2.57242e-27 2.57242e-27 9.32606e-25 8.05714e-25 1.76654e-25 0 0 0 0
1.24094e+14 1.76546e-27 2.35284e-27 2.35284e-27 2.35284e-27 2.35284e-27 7.54912e-25 5.33998e-25 1.14722e-25 0 0 0 0
1.43301e+14 1.23783e-27 2.07094e-27 2.07094e-27 2.07094e-27 2.07094e-27 5.87808e-25 3.36826e-25 6.93808e-26 0 0 0 0
1.65482e+14 6.09279e-28 1.74583e-27 1.74583e-27 1.74583e-27 1.74583e-27 4.38179e-25 2.05013e-25 3.97374e-26 0 0 0 0
1.91095e+14 1.61209e-28 1.42789e-27 1.42789e-27 1.42789e-27 1.42789e-27 3.168e-25 1.19934e-25 2.12443e-26 0 0 0 0
2.20673e+14 1.54612e-29 1.1142e-27 1.1142e-27 1.1142e-27 1.1142e-27 2.18447e-25 6.74402e-26 1.04408e-26 0 0 0 0
2.5483e+14 3.48712e-31 8.20546e-28 8.20546e-28 8.20546e-28 8.20546e-28 1.42122e-25 3.67822e-26 4.6799e-27 0 0 0 0
2.94273e+14 1.26955e-33 5.72014e-28 5.72014e-28 5.72014e-28 5.72014e-28 8.75015e-26 1.97575e-26 1.91548e-27 0 0 0 0
3.39821e+14 5.9392e-37 3.82776e-28 3.82776e-28 3.82776e-28 3.82776e-28 5.17028e-26 1.04201e-26 6.62479e-28 0 0 0 0
3.92419e+14 3.42576e-41 2.44097e-28 2.44097e-28 2.44097e-28 2.44097e-28 2.91066e-26 5.46633e-27 1.72034e-28 0 0 0 0
4.53158e+14 2.97347e-46 1.48186e-28 1.48186e-28 1.48186e-28 1.48186e-28 1.55966e-26 2.91636e-27 2.89225e-29 0 0 0 0
5.23299e+14 5.88559e-52 8.58943e-29 8.58943e-29 8.58943e-29 8.58943e-29 7.97819e-27 1.58031e-27 2.74274e-30 0 0 0 0
6.04296e+14 4.7796e-58 4.85404e-29 4.85404e-29 4.85404e-29 4.85404e-29 3.97853e-27 8.47575e-28 9.68014e-32 0 0 0 0
6.97831e+14 2.97677e-64 2.62848e-29 2.62848e-29 2.62848e-29 2.62848e-29 1.90089e-27 4.42044e-28 7.33229e-34 0 0 0 0
8.05842e+14 2.77491e-70 1.40061e-29 1.40061e-29 1.40061e-29 1.40061e-29 8.93706e-28 2.22713e-28 7.88539e-37 0 0 0 0
9.30572e+14 7.22337e-76 7.69246e-30 7.69246e-30 7.69246e-30 7.69246e-30 4.33076e-28 1.08071e-28 5.91926e-41 0 0 0 0
1.07461e+15 8.38613e-81 4.35338e-30 4.35338e-30 4.35338e-30 4.35338e-30 2.16259e-28 5.03521e-29 1.20438e-46 0 0 0 0
1.24094e+15 5.83652e-85 2.43618e-30 2.43618e-30 2.43618e-30 2.43618e-30 1.06796e-28 2.2444e-29 2.54784e-54 0 0 0 0
1.43301e+15 2.89095e-88 1.30891e-30 1.30891e-30 1.30891e-30 1.30891e-30 5.06432e-29 9.52995e-30 3.85039e-64 0 0 0 0
1.65482e+15 1.08592e-90 6.676e-31 6.676e-31 6.676e-31 6.676e-31 2.28018e-29 3.83448e-30 7.82805e-77 0 0 0 0
1.91095e+15 2.97325e-92 3.21099e-31 3.21099e-31 3.21099e-31 3.21099e-31 9.68416e-30 1.45247e-30 1.54602e-93 0 0 0 0
2.20673e+15 5.23499e-93 1.44542e-31 1.44542e-31 1.44542e-31 1.44542e-31 3.85041e-30 5.13648e-31 0 0 0 0 0
2.5483e+15 4.90825e-93 6.02981e-32 6.02981e-32 6.02981e-32 6.02981e-32 1.41949e-30 1.67748e-31 0 0 0 0 0
2.94273e+15 1.94732e-92 2.30242e-32 2.30242e-32 2.30242e-32 2.30242e-32 4.792e-31 4.98667e-32 0 0 0 0 0
3.39821e+15 2.5363e-91 7.91165e-33 7.91165e-33 7.91165e-33 7.91165e-33 1.45677e-31 1.32381e-32 0 0 0 0 0
3.92419e+15 8.3326e-90 2.39124e-33 2.39124e-33 2.39124e-33 2.39124e-33 3.89793e-32 3.06042e-33 0 0 0 0 0
4.53158e+15 5.30177e-88 6.15885e-34 6.15885e-34 6.15885e-34 6.15885e-34 8.89559e-33 5.96306e-34 0 0 0 0 0
5.23299e+15 5.04655e-86 1.29614e-34 1.29614e-34 1.29614e-34 1.29614e-34 1.66036e-33 9.38891e-35 0 0 0 0 0
6.04296e+15 5.60654e-84 2.11222e-35 2.11222e-35 2.11222e-35 2.11222e-35 2.40251e-34 1.1312e-35 0 0 0 0 0
6.97831e+15 5.71975e-82 2.48587e-36 2.48587e-36 2.48587e-36 2.48587e-36 2.51373e-35 9.67637e-37 0 0 0 0 0
8.05842e+15 4.1814e-80 1.90567e-37 1.90567e-37 1.90567e-37 1.90567e-37 1.71572e-36 5.25413e-38 0 0 0 0 0
9.30572e+15 1.65637e-78 8.11515e-39 8.11515e-39 8.11515e-39 8.11515e-39 6.51548e-38 1.54786e-39 0 0 0 0 0
1.07461e+16 2.40341e-77 1.4301e-40 1.4301e-40 1.4301e-40 1.4301e-40 1.02583e-39 2.02339e-41 0 0 0 0 0
1.24094e+16 6.71802e-77 5.91907e-43 5.91907e-43 5.91907e-43 5.91907e-43 3.80092e-42 7.15984e-44 0 0 0 0 0
1.43301e+16 2.0695e-77 3.48672e-46 3.48672e-46 3.48672e-46 3.48672e-46 2.00895e-45 3.80616e-47 0 0 0 0 0
1.65482e+16 2.5112e-79 1.08893e-50 1.08893e-50 1.08893e-50 1.08893e-50 5.64332e-50 1.08575e-51 0 0 0 0 0
1.91095e+16 5.16286e-83 7.97263e-57 7.97263e-57 7.97263e-57 7.97263e-57 3.72653e-56 7.285e-58 0 0 0 0 0
2.20673e+16 8.30112e-89 6.41958e-65 6.41958e-65 6.41958e-65 6.41958e-65 2.71422e-64 5.39171e-66 0 0 0 0 0
2.5483e+16 6.0555e-97 3.32104e-75 3.32104e-75 3.32104e-75 3.32104e-75 1.2742e-74 2.57213e-76 0 0 0 0 0
2.94273e+16 2.62807e-108 1.44698e-88 1.44698e-88 1.44698e-88 1.44698e-88 5.05493e-88 1.03696e-89 0 0 0 0 0
3.39821e+16 5.12862e-124 3.98901e-106 3.98901e-106 3.98901e-106 3.98901e-106 1.27347e-105 2.65487e-107 0 0 0 0 0
3.92419e+16 0 0 0 0 0 0 0 0 0 0 0 0
4.53158e+16 0 0 0 0 0 0 0 0 0 0 0 0
5.23299e+16 0 0 0 0 0 0 0 0 0 0 0 0
6.04296e+16 0 0 0 0 0 0 0 0 0 0 0 0
6.97831e+16 0 0 0 0 0 0 0 0 0 0 0 0
8.05842e+16 0 0 0 0 0 0 0 0 0 0 0 0
9.30572e+16 0 0 0 0 0 0 0 0 0 0 0 0


