# E [GeV]	F_CR 	F_nu	F_gamma [GeV cm^-2 s^-1 sr^-1]
1.12 0.00000e+00 0.00000e+00 4.92352e-08
1.41 0.00000e+00 0.00000e+00 5.08745e-08
1.78 0.00000e+00 0.00000e+00 5.26050e-08
2.24 0.00000e+00 0.00000e+00 5.41893e-08
2.82 0.00000e+00 0.00000e+00 5.55175e-08
3.55 0.00000e+00 0.00000e+00 5.68647e-08
4.47 0.00000e+00 0.00000e+00 5.82741e-08
5.62 0.00000e+00 0.00000e+00 5.89865e-08
7.08 0.00000e+00 0.00000e+00 5.94717e-08
8.91 0.00000e+00 0.00000e+00 5.99222e-08
11.22 0.00000e+00 0.00000e+00 6.12530e-08
14.13 0.00000e+00 0.00000e+00 6.28593e-08
17.78 0.00000e+00 0.00000e+00 6.28116e-08
22.39 0.00000e+00 0.00000e+00 6.17716e-08
28.18 0.00000e+00 0.00000e+00 6.02589e-08
35.48 0.00000e+00 0.00000e+00 5.54378e-08
44.67 0.00000e+00 0.00000e+00 5.04676e-08
56.23 0.00000e+00 0.00000e+00 4.47862e-08
70.79 0.00000e+00 0.00000e+00 3.92340e-08
89.13 0.00000e+00 0.00000e+00 3.35338e-08
112.20 0.00000e+00 0.00000e+00 2.80432e-08
141.25 0.00000e+00 0.00000e+00 2.18971e-08
177.83 0.00000e+00 0.00000e+00 1.74938e-08
223.87 0.00000e+00 0.00000e+00 1.36841e-08
281.84 0.00000e+00 0.00000e+00 9.73111e-09
354.81 0.00000e+00 0.00000e+00 7.44693e-09
446.68 0.00000e+00 0.00000e+00 5.52668e-09
562.34 0.00000e+00 0.00000e+00 4.07351e-09
707.95 0.00000e+00 0.00000e+00 3.14462e-09
891.25 0.00000e+00 0.00000e+00 2.55640e-09
1122.02 0.00000e+00 0.00000e+00 2.15734e-09
1412.54 0.00000e+00 0.00000e+00 1.89460e-09
1778.28 0.00000e+00 0.00000e+00 1.71602e-09
2238.72 0.00000e+00 1.99498e-08 1.57935e-09
2818.38 0.00000e+00 2.08875e-08 1.50976e-09
3548.13 0.00000e+00 2.20358e-08 1.43632e-09
4466.84 0.00000e+00 2.30739e-08 1.33997e-09
5623.41 0.00000e+00 2.35544e-08 1.19052e-09
7079.46 0.00000e+00 2.46552e-08 1.04584e-09
8912.51 0.00000e+00 2.54289e-08 8.68581e-10
11220.18 0.00000e+00 2.59830e-08 6.59176e-10
14125.38 0.00000e+00 2.64099e-08 4.52991e-10
17782.79 0.00000e+00 2.61282e-08 3.11522e-10
22387.21 0.00000e+00 2.64121e-08 2.06896e-10
28183.83 0.00000e+00 2.53107e-08 1.39867e-10
35481.34 0.00000e+00 2.50569e-08 8.25197e-11
44668.36 0.00000e+00 2.43957e-08 5.73029e-11
56234.13 0.00000e+00 2.33354e-08 4.22360e-11
70794.58 0.00000e+00 2.21856e-08 3.32276e-11
89125.09 0.00000e+00 2.17499e-08 2.54792e-11
112201.85 0.00000e+00 2.10571e-08 1.88082e-11
141253.75 0.00000e+00 2.08244e-08 1.29901e-11
177827.94 0.00000e+00 2.02343e-08 5.35031e-12
223872.11 0.00000e+00 1.85029e-08 1.90649e-12
281838.29 0.00000e+00 1.69087e-08 6.95509e-13
354813.39 0.00000e+00 1.63694e-08 2.93993e-13
446683.59 0.00000e+00 1.53408e-08 9.88482e-14
562341.33 0.00000e+00 1.43682e-08 1.15733e-17
707945.78 0.00000e+00 1.30594e-08 0.00000e+00
891250.94 0.00000e+00 1.20311e-08 0.00000e+00
1122018.45 0.00000e+00 1.12285e-08 0.00000e+00
1412537.54 0.00000e+00 1.05102e-08 0.00000e+00
1778279.41 0.00000e+00 9.77623e-09 0.00000e+00
2238721.14 0.00000e+00 9.78708e-09 0.00000e+00
2818382.93 0.00000e+00 9.25162e-09 0.00000e+00
3548133.89 0.00000e+00 9.00204e-09 0.00000e+00
4466835.92 0.00000e+00 8.32252e-09 0.00000e+00
5623413.25 0.00000e+00 8.83328e-09 0.00000e+00
7079457.84 0.00000e+00 8.07385e-09 0.00000e+00
8912509.38 0.00000e+00 8.01853e-09 0.00000e+00
11220184.54 1.62716e-07 7.80049e-09 0.00000e+00
14125375.45 1.61769e-07 7.11113e-09 0.00000e+00
17782794.10 1.60647e-07 6.83168e-09 0.00000e+00
22387211.39 1.62441e-07 6.77792e-09 0.00000e+00
28183829.31 1.62852e-07 6.41546e-09 0.00000e+00
35481338.92 1.55663e-07 5.47518e-09 0.00000e+00
44668359.22 1.51668e-07 5.40706e-09 0.00000e+00
56234132.52 1.47352e-07 4.60732e-09 0.00000e+00
70794578.44 1.41785e-07 4.04859e-09 0.00000e+00
89125093.81 1.37841e-07 3.98366e-09 0.00000e+00
112201845.43 1.37517e-07 3.59429e-09 0.00000e+00
141253754.46 1.35464e-07 3.08593e-09 0.00000e+00
177827941.00 1.36735e-07 3.08943e-09 0.00000e+00
223872113.86 1.40794e-07 2.95153e-09 0.00000e+00
281838293.13 1.40888e-07 2.94744e-09 0.00000e+00
354813389.23 1.35517e-07 3.26430e-09 0.00000e+00
446683592.15 1.25751e-07 3.23934e-09 0.00000e+00
562341325.19 1.14688e-07 3.66080e-09 0.00000e+00
707945784.38 1.10534e-07 3.88986e-09 0.00000e+00
891250938.13 9.77533e-08 4.07903e-09 0.00000e+00
1122018454.30 8.61166e-08 4.41852e-09 0.00000e+00
1412537544.62 7.70130e-08 4.22434e-09 0.00000e+00
1778279410.04 6.73284e-08 4.27620e-09 0.00000e+00
2238721138.57 5.61058e-08 3.86164e-09 0.00000e+00
2818382931.26 4.80244e-08 3.58921e-09 0.00000e+00
3548133892.34 3.84482e-08 2.98137e-09 0.00000e+00
4466835921.51 3.21724e-08 2.53613e-09 0.00000e+00
5623413251.90 2.68326e-08 1.94810e-09 0.00000e+00
7079457843.84 2.29487e-08 1.39106e-09 0.00000e+00
8912509381.34 1.87147e-08 1.01512e-09 0.00000e+00
11220184543.02 1.61226e-08 6.46455e-10 0.00000e+00
14125375446.23 1.40552e-08 3.99719e-10 0.00000e+00
17782794100.39 1.11621e-08 2.46985e-10 0.00000e+00
22387211385.68 8.48585e-09 1.36505e-10 0.00000e+00
28183829312.64 6.29008e-09 7.02711e-11 0.00000e+00
35481338923.36 4.86798e-09 4.88544e-11 0.00000e+00
44668359215.10 3.31419e-09 1.69737e-11 0.00000e+00
56234132519.03 2.13186e-09 7.77261e-12 0.00000e+00
70794578438.41 1.03628e-09 2.49600e-12 0.00000e+00
89125093813.37 6.87038e-10 6.25153e-13 0.00000e+00
112201845430.20 3.01672e-10 4.64511e-13 0.00000e+00
141253754462.27 1.24763e-10 1.41967e-13 0.00000e+00
177827941003.89 4.09340e-11 3.70215e-14 0.00000e+00
223872113856.83 1.79742e-11 1.05419e-14 0.00000e+00
281838293126.44 8.64517e-12 2.31471e-16 0.00000e+00
354813389233.57 3.52527e-12 3.10169e-16 0.00000e+00
446683592150.96 6.75523e-13 0.00000e+00 0.00000e+00
562341325190.35 1.14748e-16 2.68879e-26 0.00000e+00
707945784384.14 2.04933e-12 0.00000e+00 0.00000e+00
891250938133.74 0.00000e+00 0.00000e+00 0.00000e+00
1122018454301.96 0.00000e+00 0.00000e+00 0.00000e+00
1412537544622.75 0.00000e+00 0.00000e+00 0.00000e+00
1778279410038.92 0.00000e+00 0.00000e+00 0.00000e+00
2238721138568.35 0.00000e+00 0.00000e+00 0.00000e+00
2818382931264.45 0.00000e+00 0.00000e+00 0.00000e+00
3548133892335.73 0.00000e+00 0.00000e+00 0.00000e+00
4466835921509.62 0.00000e+00 0.00000e+00 0.00000e+00
5623413251903.49 0.00000e+00 0.00000e+00 0.00000e+00
7079457843841.40 0.00000e+00 0.00000e+00 0.00000e+00
8912509381337.44 0.00000e+00 0.00000e+00 0.00000e+00
