#LL GRB emerging jet (prompt), $1=E [GeV] and $5=Phi [GeV^-1 cm^-2 s^-1 sr^-1]
112.679 5.00046e-16 4.82492e-16 4.82492e-16 1.46503e-15 1.22538e-08 4.15378e-08
141.854 4.21452e-16 4.07003e-16 4.07003e-16 1.23546e-15 5.64302e-09 2.06747e-08
178.584 3.53625e-16 3.41762e-16 3.41762e-16 1.03715e-15 2.59049e-09 1.02617e-08
224.824 2.95434e-16 2.8566e-16 2.8566e-16 8.66754e-16 1.18602e-09 5.07722e-09
283.036 2.45998e-16 2.38043e-16 2.38043e-16 7.22083e-16 5.41781e-10 2.50313e-09
356.321 2.04155e-16 1.97724e-16 1.97724e-16 5.99603e-16 2.47029e-10 1.22921e-09
448.582 1.68827e-16 1.63656e-16 1.63656e-16 4.96139e-16 1.12463e-10 6.01007e-10
564.731 1.39059e-16 1.34913e-16 1.34913e-16 4.08885e-16 5.11369e-11 2.92472e-10
710.955 1.14037e-16 1.10712e-16 1.10712e-16 3.35461e-16 2.3229e-11 1.41607e-10
895.039 9.3115e-17 9.04471e-17 9.04471e-17 2.74009e-16 1.05435e-11 6.81924e-11
1126.79 7.57511e-17 7.36342e-17 7.36342e-17 2.23019e-16 4.78268e-12 3.2652e-11
1418.54 6.13942e-17 5.97187e-17 5.97187e-17 1.80832e-16 2.16842e-12 1.55415e-11
1785.84 4.95717e-17 4.8251e-17 4.8251e-17 1.46074e-16 9.82738e-13 7.35175e-12
2248.24 3.98834e-17 3.88607e-17 3.88607e-17 1.17605e-16 4.45222e-13 3.45561e-12
2830.36 3.19496e-17 3.1165e-17 3.1165e-17 9.42796e-17 2.01635e-13 1.61377e-12
3563.21 2.54619e-17 2.48654e-17 2.48654e-17 7.51927e-17 9.12845e-14 7.48692e-13
4485.82 2.01722e-17 1.97268e-17 1.97268e-17 5.96259e-17 4.13092e-14 3.45063e-13
5647.31 1.58696e-17 1.55414e-17 1.55414e-17 4.69525e-17 1.86844e-14 1.57992e-13
7109.55 1.23821e-17 1.21406e-17 1.21406e-17 3.66634e-17 8.44586e-15 7.18692e-14
8950.39 9.57754e-18 9.40225e-18 9.40225e-18 2.8382e-17 3.81486e-15 3.24841e-14
11267.9 7.33948e-18 7.21232e-18 7.21232e-18 2.17641e-17 1.72151e-15 1.45911e-14
14185.4 5.57108e-18 5.4782e-18 5.4782e-18 1.65275e-17 7.75982e-16 6.51449e-15
17858.4 4.19203e-18 4.12581e-18 4.12581e-18 1.24436e-17 3.49307e-16 2.8917e-15
22482.4 3.12666e-18 3.08e-18 3.08e-18 9.28666e-18 1.5699e-16 1.27651e-15
28303.6 2.31049e-18 2.2776e-18 2.2776e-18 6.86568e-18 7.04253e-17 5.60558e-16
35632.1 1.69076e-18 1.66767e-18 1.66767e-18 5.0261e-18 3.15249e-17 2.44953e-16
44858.2 1.2242e-18 1.20779e-18 1.20779e-18 3.63978e-18 1.40771e-17 1.06551e-16
56473.1 8.76547e-19 8.64535e-19 8.64535e-19 2.60562e-18 6.2685e-18 4.61514e-17
71095.5 6.20992e-19 6.12162e-19 6.12162e-19 1.84532e-18 2.78266e-18 1.99121e-17
89503.9 4.357e-19 4.2934e-19 4.2934e-19 1.29438e-18 1.23097e-18 8.5603e-18
112679 3.02807e-19 2.98309e-19 2.98309e-19 8.99425e-19 5.42454e-19 3.66804e-18
141854 2.08432e-19 2.05402e-19 2.05402e-19 6.19236e-19 2.38035e-19 1.56699e-18
178584 1.41864e-19 1.39933e-19 1.39933e-19 4.21731e-19 1.03971e-19 6.6754e-19
224824 9.52394e-20 9.40808e-20 9.40808e-20 2.83401e-19 4.51852e-20 2.83621e-19
283036 6.29663e-20 6.23785e-20 6.23785e-20 1.87723e-19 1.95307e-20 1.20195e-19
356321 4.09262e-20 4.07496e-20 4.07496e-20 1.22425e-19 8.39254e-21 5.08066e-20
448582 2.61023e-20 2.62055e-20 2.62055e-20 7.85133e-20 3.58376e-21 2.14187e-20
564731 1.62952e-20 1.65696e-20 1.65696e-20 4.94343e-20 1.52008e-21 9.00342e-21
710955 9.91672e-21 1.02666e-20 1.02666e-20 3.04499e-20 6.40157e-22 3.77232e-21
895039 5.85721e-21 6.21061e-21 6.21061e-21 1.82784e-20 2.67555e-22 1.57461e-21
1.12679e+06 3.34677e-21 3.65976e-21 3.65976e-21 1.06663e-20 1.08149e-22 6.37284e-22
1.41854e+06 1.84938e-21 2.10253e-21 2.10253e-21 6.05444e-21 4.26111e-23 2.51381e-22
1.78584e+06 9.91824e-22 1.18269e-21 1.18269e-21 3.3572e-21 1.67889e-23 9.91591e-23
2.24824e+06 5.21045e-22 6.57448e-22 6.57448e-22 1.83594e-21 6.61489e-24 3.9114e-23
2.83036e+06 2.71463e-22 3.64742e-22 3.64742e-22 1.00095e-21 2.60629e-24 1.54288e-23
3.56321e+06 1.41771e-22 2.03054e-22 2.03054e-22 5.4788e-22 1.02689e-24 6.08601e-24
4.48582e+06 7.47929e-23 1.13701e-22 1.13701e-22 3.02195e-22 4.04597e-25 2.40067e-24
5.64731e+06 3.98526e-23 6.37464e-23 6.37464e-23 1.67345e-22 1.59413e-25 9.46962e-25
7.10955e+06 2.13151e-23 3.54931e-23 3.54931e-23 9.23014e-23 6.28091e-26 3.73536e-25
8.95039e+06 1.13079e-23 1.94002e-23 1.94002e-23 5.01084e-23 2.4747e-26 1.47344e-25
1.12679e+07 5.86924e-24 1.02847e-23 1.02847e-23 2.64385e-23 9.7504e-27 5.81209e-26
1.41854e+07 2.94446e-24 5.2358e-24 5.2358e-24 1.34161e-23 3.84169e-27 2.29262e-26
1.78584e+07 1.4084e-24 2.52952e-24 2.52952e-24 6.46744e-24 1.51364e-27 9.04342e-27
2.24824e+07 6.38225e-25 1.15412e-24 1.15412e-24 2.94646e-24 5.96379e-28 3.56724e-27
2.83036e+07 2.74463e-25 4.98698e-25 4.98698e-25 1.27186e-24 2.34976e-28 1.40713e-27
3.56321e+07 1.12295e-25 2.04733e-25 2.04733e-25 5.21762e-25 9.25812e-29 5.55051e-28
4.48582e+07 4.40602e-26 8.05255e-26 8.05255e-26 2.05111e-25 3.64773e-29 2.18944e-28
5.64731e+07 1.67479e-26 3.06626e-26 3.06626e-26 7.8073e-26 1.43722e-29 8.6364e-29
7.10955e+07 6.21001e-27 1.13835e-26 1.13835e-26 2.89771e-26 5.66269e-30 3.40669e-29
8.95039e+07 2.25743e-27 4.14162e-27 4.14162e-27 1.05407e-26 2.23112e-30 1.34379e-29
1.12679e+08 8.05427e-28 1.47854e-27 1.47854e-27 3.7625e-27 8.79068e-31 5.30069e-30
1.41854e+08 2.8185e-28 5.17594e-28 5.17594e-28 1.31704e-27 3.46356e-31 2.0909e-30
1.78584e+08 9.66813e-29 1.77591e-28 1.77591e-28 4.51864e-28 1.36465e-31 8.2477e-31
2.24824e+08 3.24857e-29 5.96819e-29 5.96819e-29 1.5185e-28 5.37678e-32 3.25336e-31
2.83036e+08 1.06237e-29 1.95196e-29 1.95196e-29 4.96629e-29 2.11847e-32 1.28331e-31
3.56321e+08 3.36536e-30 6.18386e-30 6.18386e-30 1.57331e-29 8.34685e-33 5.06212e-32
4.48582e+08 1.03133e-30 1.89515e-30 1.89515e-30 4.82163e-30 3.28869e-33 1.99679e-32
5.64731e+08 3.04332e-31 5.59252e-31 5.59252e-31 1.42284e-30 1.29575e-33 7.87649e-33
7.10955e+08 8.5574e-32 1.57257e-31 1.57257e-31 4.00088e-31 5.10532e-34 3.10694e-33
8.95039e+08 2.24681e-32 4.12895e-32 4.12895e-32 1.05047e-31 2.01151e-34 1.22555e-33
1.12679e+09 5.31973e-33 9.77609e-33 9.77609e-33 2.48719e-32 7.92543e-35 4.83429e-34
1.41854e+09 1.11178e-33 2.04311e-33 2.04311e-33 5.19799e-33 3.12265e-35 1.90692e-34
1.78584e+09 2.01732e-34 3.70707e-34 3.70707e-34 9.43146e-34 1.23033e-35 7.52199e-35
2.24824e+09 2.76274e-35 5.07609e-35 5.07609e-35 1.29149e-34 4.84755e-36 2.9671e-35
2.83036e+09 2.21606e-36 4.06717e-36 4.06717e-36 1.03504e-35 1.90995e-36 1.1704e-35
3.56321e+09 2.98989e-38 5.21046e-38 5.21046e-38 1.34108e-37 7.52528e-37 4.61671e-36
4.48582e+09 8.65726e-43 8.53839e-43 8.53839e-43 2.5734e-42 2.96499e-37 1.8211e-36
5.64731e+09 3.9095e-44 3.88967e-44 3.88967e-44 1.16888e-43 1.16821e-37 7.18344e-37
7.10955e+09 0 0 0 0 4.60281e-38 2.83356e-37
8.95039e+09 0 0 0 0 1.81352e-38 1.11772e-37
1.12679e+10 0 0 0 0 7.14534e-39 4.40892e-38
1.41854e+10 0 0 0 0 2.81529e-39 1.73913e-38
1.78584e+10 0 0 0 0 1.10923e-39 6.86014e-39
2.24824e+10 0 0 0 0 4.37041e-40 2.70603e-39
2.83036e+10 0 0 0 0 1.72196e-40 1.06741e-39
3.56321e+10 0 0 0 0 6.78457e-41 4.21049e-40
4.48582e+10 0 0 0 0 2.67315e-41 1.66086e-40
5.64731e+10 0 0 0 0 1.05323e-41 6.55138e-41
7.10955e+10 0 0 0 0 4.14976e-42 2.58424e-41
8.95039e+10 0 0 0 0 1.63502e-42 1.01937e-41
1.12679e+11 0 0 0 0 6.44203e-43 4.02099e-42
1.41854e+11 0 0 0 0 2.53818e-43 1.58611e-42
1.78584e+11 0 0 0 0 1.00005e-43 6.25652e-43
2.24824e+11 0 0 0 0 3.94024e-44 2.46793e-43
2.83036e+11 0 0 0 0 1.55247e-44 9.73493e-44
3.56321e+11 0 0 0 0 6.11678e-45 3.84001e-44
4.48582e+11 0 0 0 0 2.41003e-45 1.51472e-44
5.64731e+11 0 0 0 0 9.4956e-46 5.97493e-45
7.10955e+11 0 0 0 0 3.7413e-46 2.35685e-45
8.95039e+11 0 0 0 0 1.47409e-46 9.29678e-46
1.12679e+12 0 0 0 0 5.80795e-47 3.66718e-46
1.41854e+12 0 0 0 0 2.28835e-47 1.44655e-46
1.78584e+12 0 0 0 0 9.01618e-48 5.70601e-47
2.24824e+12 0 0 0 0 3.55241e-48 2.25078e-47
2.83036e+12 0 0 0 0 1.39966e-48 8.87836e-48
3.56321e+12 0 0 0 0 5.51471e-49 3.50213e-48
4.48582e+12 0 0 0 0 2.17281e-49 1.38144e-48


