#ULGRB choked jet (CS) for f_cho=1, $1=E [GeV] and $5=Phi [GeV^-1 cm^-2 s^-1 sr^-1]
112.679 6.03789e+48 6.0082e+48 6.0082e+48 1.80543e+49 1.68738e-08 5.54046e-08
141.854 2.58372e+48 2.53491e+48 2.53491e+48 7.65353e+48 7.78188e-09 2.76057e-08
178.584 1.12581e+48 1.07351e+48 1.07351e+48 3.27283e+48 3.5768e-09 1.37184e-08
224.824 5.46231e+47 4.99891e+47 4.99891e+47 1.54601e+48 1.63931e-09 6.79669e-09
283.036 3.12993e+47 2.75086e+47 2.75086e+47 8.63165e+47 7.49508e-10 3.35596e-09
356.321 2.03015e+47 1.7467e+47 1.7467e+47 5.52356e+47 3.41993e-10 1.65078e-09
448.582 1.37463e+47 1.18355e+47 1.18355e+47 3.74173e+47 1.55789e-10 8.0862e-10
564.731 9.24267e+46 8.10772e+46 8.10772e+46 2.54581e+47 7.08711e-11 3.94291e-10
710.955 6.06563e+46 5.4873e+46 5.4873e+46 1.70402e+47 3.22055e-11 1.91315e-10
895.039 3.92519e+46 3.72803e+46 3.72803e+46 1.13812e+47 1.46223e-11 9.23397e-11
1126.79 2.54302e+46 2.58524e+46 2.58524e+46 7.7135e+46 6.63448e-12 4.43203e-11
1418.54 1.68896e+46 1.87822e+46 1.87822e+46 5.44539e+46 3.00858e-12 2.11481e-11
1785.84 1.1699e+46 1.44173e+46 1.44173e+46 4.05337e+46 1.36372e-12 1.00298e-11
2248.24 8.50989e+45 1.16016e+46 1.16016e+46 3.17131e+46 6.17914e-13 4.7269e-12
2830.36 6.45345e+45 9.59041e+45 9.59041e+45 2.56343e+46 2.79885e-13 2.21342e-12
3563.21 4.98603e+45 7.90829e+45 7.90829e+45 2.08026e+46 1.2673e-13 1.0297e-12
4485.82 3.85201e+45 6.39909e+45 6.39909e+45 1.66502e+46 5.73597e-14 4.75875e-13
5647.31 2.92034e+45 5.00733e+45 5.00733e+45 1.2935e+46 2.59498e-14 2.1848e-13
7109.55 2.08713e+45 3.65099e+45 3.65099e+45 9.38911e+45 1.17332e-14 9.96517e-14
8950.39 1.40396e+45 2.48837e+45 2.48837e+45 6.38069e+45 5.30147e-15 4.51602e-14
11267.9 8.90747e+44 1.59292e+45 1.59292e+45 4.07658e+45 2.39334e-15 2.03369e-14
14185.4 5.32742e+44 9.58593e+44 9.58593e+44 2.44993e+45 1.07934e-15 9.10232e-15
17858.4 3.08648e+44 5.58006e+44 5.58006e+44 1.42466e+45 4.8615e-16 4.05e-15
22482.4 1.71915e+44 3.11899e+44 3.11899e+44 7.95713e+44 2.18643e-16 1.79186e-15
28303.6 9.44007e+43 1.71757e+44 1.71757e+44 4.37915e+44 9.81614e-17 7.88544e-16
35632.1 5.08425e+43 9.27134e+43 9.27134e+43 2.36269e+44 4.39811e-17 3.45267e-16
44858.2 2.68908e+43 4.91237e+43 4.91237e+43 1.25138e+44 1.966e-17 1.50464e-16
56473.1 1.4021e+43 2.56498e+43 2.56498e+43 6.53206e+43 8.765e-18 6.52842e-17
71095.5 7.17721e+42 1.31448e+43 1.31448e+43 3.34668e+43 3.89608e-18 2.82114e-17
89503.9 3.62028e+42 6.63643e+42 6.63643e+42 1.68931e+43 1.72607e-18 1.21458e-17
112679 1.80072e+42 3.30332e+42 3.30332e+42 8.40735e+42 7.61879e-19 5.21132e-18
141854 8.77632e+41 1.61086e+42 1.61086e+42 4.09935e+42 3.34923e-19 2.229e-18
178584 4.28327e+41 7.86515e+41 7.86515e+41 2.00136e+42 1.46578e-19 9.5064e-19
224824 2.13503e+41 3.92172e+41 3.92172e+41 9.97847e+41 6.38379e-20 4.04341e-19
283036 1.06878e+41 1.9636e+41 1.9636e+41 4.99597e+41 2.76567e-20 1.71536e-19
356321 5.5521e+40 1.02019e+41 1.02019e+41 2.59559e+41 1.19139e-20 7.25858e-20
448582 2.94108e+40 5.4046e+40 5.4046e+40 1.37503e+41 5.10094e-21 3.06347e-20
564731 1.53286e+40 2.81694e+40 2.81694e+40 7.16674e+40 2.16974e-21 1.28933e-20
710955 7.93565e+39 1.45836e+40 1.45836e+40 3.71028e+40 9.16511e-22 5.40971e-21
895039 4.02581e+39 7.3984e+39 7.3984e+39 1.88226e+40 3.84283e-22 2.26176e-21
1.12679e+06 1.95357e+39 3.59017e+39 3.59017e+39 9.13392e+39 1.59022e-22 9.36611e-22
1.41854e+06 9.01572e+38 1.65687e+39 1.65687e+39 4.2153e+39 6.2655e-23 3.69453e-22
1.78584e+06 3.9339e+38 7.22953e+38 7.22953e+38 1.83929e+39 2.46863e-23 1.45733e-22
2.24824e+06 1.62089e+38 2.97879e+38 2.97879e+38 7.57847e+38 9.72649e-24 5.74856e-23
2.83036e+06 6.2328e+37 1.14543e+38 1.14543e+38 2.91415e+38 3.83227e-24 2.26756e-23
3.56321e+06 2.06301e+37 3.7913e+37 3.7913e+37 9.64561e+37 1.50993e-24 8.94456e-24
4.48582e+06 6.17869e+36 1.13549e+37 1.13549e+37 2.88885e+37 5.94917e-25 3.52825e-24
5.64731e+06 1.64066e+36 3.01512e+36 3.01512e+36 7.67089e+36 2.34399e-25 1.39174e-24
7.10955e+06 3.56306e+35 6.54803e+35 6.54803e+35 1.66591e+36 9.23541e-26 5.48983e-25
8.95039e+06 6.38216e+34 1.17288e+35 1.17288e+35 2.98398e+35 3.63878e-26 2.1655e-25
1.12679e+07 8.61665e+33 1.58353e+34 1.58353e+34 4.02872e+34 1.43369e-26 8.54199e-26
1.41854e+07 7.93181e+32 1.45767e+33 1.45767e+33 3.70852e+33 5.6488e-27 3.36945e-26
1.78584e+07 4.99142e+31 9.17299e+31 9.17299e+31 2.33374e+32 2.22565e-27 1.3291e-26
2.24824e+07 0 0 0 0 8.76912e-28 5.24275e-27
2.83036e+07 0 0 0 0 3.45506e-28 2.06804e-27
3.56321e+07 0 0 0 0 1.36131e-28 8.15754e-28
4.48582e+07 0 0 0 0 5.3636e-29 3.2178e-28
5.64731e+07 0 0 0 0 2.11328e-29 1.26928e-28
7.10955e+07 0 0 0 0 8.32638e-30 5.00679e-29
8.95039e+07 0 0 0 0 3.28062e-30 1.97496e-29
1.12679e+08 0 0 0 0 1.29258e-30 7.79039e-30
1.41854e+08 0 0 0 0 5.09279e-31 3.07298e-30
1.78584e+08 0 0 0 0 2.00658e-31 1.21216e-30
2.24824e+08 0 0 0 0 7.90599e-32 4.78144e-31
2.83036e+08 0 0 0 0 3.11499e-32 1.88608e-31
3.56321e+08 0 0 0 0 1.22731e-32 7.43976e-32
4.48582e+08 0 0 0 0 4.83566e-33 2.93467e-32
5.64731e+08 0 0 0 0 1.90527e-33 1.1576e-32
7.10955e+08 0 0 0 0 7.50682e-34 4.56624e-33
8.95039e+08 0 0 0 0 2.95771e-34 1.80119e-33
1.12679e+09 0 0 0 0 1.16535e-34 7.10492e-34
1.41854e+09 0 0 0 0 4.59152e-35 2.80259e-34
1.78584e+09 0 0 0 0 1.80907e-35 1.1055e-34
2.24824e+09 0 0 0 0 7.12781e-36 4.36073e-35
2.83036e+09 0 0 0 0 2.80838e-36 1.72012e-35
3.56321e+09 0 0 0 0 1.10651e-36 6.78515e-36
4.48582e+09 0 0 0 0 4.35969e-37 2.67645e-36
5.64731e+09 0 0 0 0 1.71773e-37 1.05575e-36
7.10955e+09 0 0 0 0 6.76793e-38 4.16446e-37
8.95039e+09 0 0 0 0 2.66659e-38 1.6427e-37
1.12679e+10 0 0 0 0 1.05065e-38 6.47976e-38
1.41854e+10 0 0 0 0 4.13958e-39 2.55599e-38
1.78584e+10 0 0 0 0 1.63101e-39 1.00823e-38
2.24824e+10 0 0 0 0 6.42623e-40 3.97703e-39
2.83036e+10 0 0 0 0 2.53196e-40 1.56877e-39
3.56321e+10 0 0 0 0 9.97599e-41 6.18813e-40
4.48582e+10 0 0 0 0 3.93057e-41 2.44095e-40
5.64731e+10 0 0 0 0 1.54866e-41 9.62851e-41
7.10955e+10 0 0 0 0 6.10177e-42 3.79804e-41
8.95039e+10 0 0 0 0 2.40412e-42 1.49816e-41
1.12679e+11 0 0 0 0 9.47231e-43 5.90961e-42
1.41854e+11 0 0 0 0 3.73212e-43 2.33109e-42
1.78584e+11 0 0 0 0 1.47047e-43 9.19516e-43
2.24824e+11 0 0 0 0 5.7937e-44 3.6271e-43
2.83036e+11 0 0 0 0 2.28274e-44 1.43073e-43
3.56321e+11 0 0 0 0 8.99407e-45 5.64364e-44
4.48582e+11 0 0 0 0 3.54369e-45 2.22617e-44
5.64731e+11 0 0 0 0 1.39623e-45 8.78131e-45
7.10955e+11 0 0 0 0 5.50118e-46 3.46385e-45
8.95039e+11 0 0 0 0 2.16748e-46 1.36634e-45
1.12679e+12 0 0 0 0 8.53996e-47 5.38963e-46
1.41854e+12 0 0 0 0 3.36478e-47 2.12598e-46
1.78584e+12 0 0 0 0 1.32573e-47 8.38608e-47
2.24824e+12 0 0 0 0 5.22343e-48 3.30795e-47
2.83036e+12 0 0 0 0 2.05805e-48 1.30485e-47
3.56321e+12 0 0 0 0 8.10879e-49 5.14706e-48
4.48582e+12 0 0 0 0 3.19489e-49 2.03029e-48


