#GRB quasithermal, $1=E_kin [GeV], $2=E_nu [GeV], $3=dN_nue/dE_nu [GeV^-1], $4=dN_numu/dE_nu [GeV^-1], $5=dN_nutau/dE_nu [GeV^-1]
1.99526 0.0005 1.47098e+57 1.1916e+57 1.1916e+57 0 2.04971e+57
1.99526 0.00105925 1.5173e+57 1.21004e+57 1.21004e+57 0 2.05331e+57
1.99526 0.0011885 1.51807e+57 1.21031e+57 1.21031e+57 0 2.05326e+57
1.99526 0.00133352 1.51896e+57 1.21067e+57 1.21067e+57 0 2.0532e+57
1.99526 0.00149624 1.52014e+57 1.21142e+57 1.21142e+57 0 2.05313e+57
1.99526 0.0016788 1.52168e+57 1.21268e+57 1.21268e+57 0 2.05303e+57
1.99526 0.00188365 1.52363e+57 1.21453e+57 1.21453e+57 0 2.05291e+57
1.99526 0.00211349 1.52615e+57 1.21724e+57 1.21724e+57 0 2.05277e+57
1.99526 0.00237137 1.52942e+57 1.22113e+57 1.22113e+57 0 2.05258e+57
1.99526 0.00266073 1.53375e+57 1.22675e+57 1.22675e+57 0 2.05234e+57
1.99526 0.00298538 1.53968e+57 1.23509e+57 1.23509e+57 1.34666e+53 2.05204e+57
1.99526 0.00334965 1.54747e+57 1.24661e+57 1.24661e+57 9.49687e+53 2.05167e+57
1.99526 0.00375837 1.55723e+57 1.26149e+57 1.26149e+57 2.55608e+54 2.0512e+57
1.99526 0.00421697 1.56893e+57 1.2797e+57 1.2797e+57 5.1568e+54 2.05061e+57
1.99526 0.00473151 1.58294e+57 1.30189e+57 1.30189e+57 9.04739e+54 2.04987e+57
1.99526 0.00530884 1.60042e+57 1.33019e+57 1.33019e+57 1.47612e+55 2.04894e+57
1.99526 0.00595662 1.62204e+57 1.36586e+57 1.36586e+57 2.33302e+55 2.04777e+57
1.99526 0.00668344 1.64705e+57 1.40755e+57 1.40755e+57 3.59768e+55 2.04631e+57
1.99526 0.00749894 1.67428e+57 1.45314e+57 1.45314e+57 5.28186e+55 2.04447e+57
1.99526 0.00841395 1.7042e+57 1.50357e+57 1.50357e+57 7.45503e+55 2.04217e+57
1.99526 0.00944061 1.73727e+57 1.55977e+57 1.55977e+57 1.00789e+56 2.03929e+57
1.99526 0.0105925 1.77195e+57 1.61904e+57 1.61904e+57 1.32846e+56 2.03568e+57
1.99526 0.011885 1.80666e+57 1.67866e+57 1.67866e+57 1.74247e+56 2.03116e+57
1.99526 0.0133352 1.84011e+57 1.73646e+57 1.73646e+57 2.26031e+56 2.02552e+57
1.99526 0.0149624 1.87305e+57 1.79412e+57 1.79412e+57 2.85319e+56 2.01847e+57
1.99526 0.016788 1.90342e+57 1.84828e+57 1.84828e+57 3.50358e+56 2.00967e+57
1.99526 0.0188365 1.9301e+57 1.8973e+57 1.8973e+57 4.21617e+56 1.99871e+57
1.99526 0.0211349 1.95223e+57 1.94026e+57 1.94026e+57 4.97403e+56 1.98506e+57
1.99526 0.0237137 1.97104e+57 1.98017e+57 1.98017e+57 5.80093e+56 1.96811e+57
1.99526 0.0266073 1.97604e+57 1.99864e+57 1.99864e+57 6.63151e+56 1.94708e+57
1.99526 0.0298538 1.96586e+57 1.99429e+57 1.99429e+57 7.44906e+56 1.92106e+57
1.99526 0.0334965 1.93922e+57 1.9661e+57 1.9661e+57 8.23653e+56 1.88892e+57
1.99526 0.0375837 1.89497e+57 1.91343e+57 1.91343e+57 8.98251e+56 1.84935e+57
1.99526 0.0421697 1.832e+57 1.83598e+57 1.83598e+57 9.62597e+56 1.8008e+57
1.99526 0.0473151 1.7589e+57 1.75137e+57 1.75137e+57 1.02436e+57 1.74145e+57
1.99526 0.0530884 1.67119e+57 1.65321e+57 1.65321e+57 1.0707e+57 1.66925e+57
1.99526 0.0595662 1.56814e+57 1.54184e+57 1.54184e+57 1.09962e+57 1.58188e+57
1.99526 0.0668344 1.44878e+57 1.41661e+57 1.41661e+57 1.11039e+57 1.47691e+57
1.99526 0.0749894 1.31462e+57 1.28029e+57 1.28029e+57 1.10273e+57 1.35182e+57
1.99526 0.0841395 1.16533e+57 1.13028e+57 1.13028e+57 1.07684e+57 1.20432e+57
1.99526 0.0944061 1.00697e+57 9.72631e+56 9.72631e+56 1.03338e+57 1.04096e+57
1.99526 0.105925 8.49672e+56 8.18333e+56 8.18333e+56 9.73408e+56 8.78298e+56
1.99526 0.11885 7.02855e+56 6.76107e+56 6.76107e+56 9.09949e+56 7.27127e+56
1.99526 0.133352 5.72667e+56 5.49976e+56 5.49976e+56 8.36308e+56 5.94081e+56
1.99526 0.149624 4.59957e+56 4.39458e+56 4.39458e+56 7.58804e+56 4.79991e+56
1.99526 0.16788 3.63729e+56 3.45172e+56 3.45172e+56 6.769e+56 3.82322e+56
1.99526 0.188365 2.83433e+56 2.67449e+56 2.67449e+56 5.93642e+56 2.99647e+56
1.99526 0.211349 2.1736e+56 2.04148e+56 2.04148e+56 5.11682e+56 2.30748e+56
1.99526 0.237137 1.63358e+56 1.52395e+56 1.52395e+56 4.34606e+56 1.74406e+56
1.99526 0.266073 1.20024e+56 1.10817e+56 1.10817e+56 3.62253e+56 1.29371e+56
1.99526 0.298538 8.61899e+55 7.85152e+55 7.85152e+55 2.95856e+56 9.41474e+55
1.99526 0.334965 6.05328e+55 5.43221e+55 5.43221e+55 2.35608e+56 6.7069e+55
1.99526 0.375837 4.15775e+55 3.67944e+55 3.67944e+55 1.82009e+56 4.65721e+55
1.99526 0.421697 2.77205e+55 2.41597e+55 2.41597e+55 1.38659e+56 3.13509e+55
1.99526 0.473151 1.78055e+55 1.52326e+55 1.52326e+55 1.05447e+56 2.03667e+55
1.99526 0.530884 1.09554e+55 9.14255e+54 9.14255e+54 7.847e+55 1.27436e+55
1.99526 0.595662 6.40846e+54 5.14716e+54 5.14716e+54 5.58464e+55 7.65328e+54
1.99526 0.668344 3.57193e+54 2.74811e+54 2.74811e+54 3.82922e+55 4.37164e+54
1.99526 0.749894 1.90989e+54 1.44347e+54 1.44347e+54 2.48973e+55 2.33017e+54
1.99526 0.841395 9.38757e+53 7.01472e+53 7.01472e+53 1.57976e+55 1.11971e+54
1.99526 0.944061 4.03083e+53 2.95792e+53 2.95792e+53 9.75193e+54 4.63513e+53
1.99526 1.05925 1.41481e+53 1.01668e+53 1.01668e+53 5.63135e+54 1.5581e+53
1.99526 1.1885 3.56076e+52 2.50445e+52 2.50445e+52 2.85331e+54 3.74803e+52
1.99526 1.33352 4.91914e+51 3.38836e+51 3.38836e+51 1.11272e+54 4.94947e+51
1.99526 1.49624 2.50667e+50 1.6822e+50 1.6822e+50 1.62541e+53 2.38026e+50
1.99526 1.6788 0 0 0 0 0
1.99526 1.88365 0 0 0 0 0
1.99526 2.11349 0 0 0 0 0
1.99526 2.37137 0 0 0 0 0
1.99526 2.66073 0 0 0 0 0
1.99526 2.98538 0 0 0 0 0
1.99526 3.34965 0 0 0 0 0
1.99526 3.75837 0 0 0 0 0
1.99526 4.21697 0 0 0 0 0
1.99526 4.73151 0 0 0 0 0
1.99526 5.30884 0 0 0 0 0
1.99526 5.95662 0 0 0 0 0
1.99526 6.68344 0 0 0 0 0
1.99526 7.49894 0 0 0 0 0
1.99526 8.41395 0 0 0 0 0
1.99526 9.44061 0 0 0 0 0
1.99526 10.5925 0 0 0 0 0
1.99526 11.885 0 0 0 0 0
1.99526 13.3352 0 0 0 0 0
1.99526 14.9624 0 0 0 0 0
1.99526 16.788 0 0 0 0 0
1.99526 18.8365 0 0 0 0 0
1.99526 21.1349 0 0 0 0 0
1.99526 23.7137 0 0 0 0 0
1.99526 26.6073 0 0 0 0 0
1.99526 29.8538 0 0 0 0 0
1.99526 33.4965 0 0 0 0 0
1.99526 37.5837 0 0 0 0 0
1.99526 42.1697 0 0 0 0 0
1.99526 47.3151 0 0 0 0 0
1.99526 53.0884 0 0 0 0 0
1.99526 59.5662 0 0 0 0 0
1.99526 66.8344 0 0 0 0 0
1.99526 74.9894 0 0 0 0 0
1.99526 84.1395 0 0 0 0 0
1.99526 94.4061 0 0 0 0 0
1.99526 105.925 0 0 0 0 0
1.99526 118.85 0 0 0 0 0
1.99526 133.352 0 0 0 0 0
1.99526 149.624 0 0 0 0 0
1.99526 167.88 0 0 0 0 0
1.99526 188.365 0 0 0 0 0
1.99526 211.349 0 0 0 0 0
1.99526 237.137 0 0 0 0 0
1.99526 266.073 0 0 0 0 0
1.99526 298.538 0 0 0 0 0
1.99526 334.965 0 0 0 0 0
1.99526 375.837 0 0 0 0 0
1.99526 421.697 0 0 0 0 0
1.99526 473.151 0 0 0 0 0
1.99526 530.884 0 0 0 0 0
1.99526 595.662 0 0 0 0 0
1.99526 668.344 0 0 0 0 0
1.99526 749.894 0 0 0 0 0
1.99526 841.395 0 0 0 0 0
1.99526 944.061 0 0 0 0 0
1.99526 1059.25 0 0 0 0 0
1.99526 1188.5 0 0 0 0 0
1.99526 1333.52 0 0 0 0 0
1.99526 1496.24 0 0 0 0 0
1.99526 1678.8 0 0 0 0 0
1.99526 1883.65 0 0 0 0 0
1.99526 2113.49 0 0 0 0 0
1.99526 2371.37 0 0 0 0 0
1.99526 2660.73 0 0 0 0 0
1.99526 2985.38 0 0 0 0 0
1.99526 3349.65 0 0 0 0 0
1.99526 3758.37 0 0 0 0 0
1.99526 4216.97 0 0 0 0 0
1.99526 4731.51 0 0 0 0 0
1.99526 5308.84 0 0 0 0 0
1.99526 5956.62 0 0 0 0 0
1.99526 6683.44 0 0 0 0 0
1.99526 7498.94 0 0 0 0 0
1.99526 8413.95 0 0 0 0 0
1.99526 9440.61 0 0 0 0 0
1.99526 10592.5 0 0 0 0 0
1.99526 11885 0 0 0 0 0
1.99526 13335.2 0 0 0 0 0
1.99526 14962.4 0 0 0 0 0
1.99526 16788 0 0 0 0 0
1.99526 18836.5 0 0 0 0 0
1.99526 21134.9 0 0 0 0 0
1.99526 23713.7 0 0 0 0 0
1.99526 26607.3 0 0 0 0 0
1.99526 29853.8 0 0 0 0 0
1.99526 33496.5 0 0 0 0 0
1.99526 37583.7 0 0 0 0 0
1.99526 42169.7 0 0 0 0 0
1.99526 47315.1 0 0 0 0 0
1.99526 53088.4 0 0 0 0 0
1.99526 59566.2 0 0 0 0 0
1.99526 66834.4 0 0 0 0 0
1.99526 74989.4 0 0 0 0 0
1.99526 84139.5 0 0 0 0 0
1.99526 94406.1 0 0 0 0 0
1.99526 105925 0 0 0 0 0
1.99526 118850 0 0 0 0 0
1.99526 133352 0 0 0 0 0
1.99526 149624 0 0 0 0 0
1.99526 167880 0 0 0 0 0
1.99526 188365 0 0 0 0 0
1.99526 211349 0 0 0 0 0
1.99526 237137 0 0 0 0 0
1.99526 266073 0 0 0 0 0
1.99526 298538 0 0 0 0 0
1.99526 334965 0 0 0 0 0
1.99526 375837 0 0 0 0 0
1.99526 421697 0 0 0 0 0
1.99526 473151 0 0 0 0 0
1.99526 530884 0 0 0 0 0
1.99526 595662 0 0 0 0 0
1.99526 668344 0 0 0 0 0
1.99526 749894 0 0 0 0 0
1.99526 841395 0 0 0 0 0
1.99526 944061 0 0 0 0 0
1.99526 1.05925e+06 0 0 0 0 0
1.99526 1.1885e+06 0 0 0 0 0
1.99526 1.33352e+06 0 0 0 0 0
1.99526 1.49624e+06 0 0 0 0 0
1.99526 1.6788e+06 0 0 0 0 0
1.99526 1.88365e+06 0 0 0 0 0
1.99526 2.11349e+06 0 0 0 0 0
1.99526 2.37137e+06 0 0 0 0 0
1.99526 2.66073e+06 0 0 0 0 0
1.99526 2.98538e+06 0 0 0 0 0
1.99526 3.34965e+06 0 0 0 0 0
1.99526 3.75837e+06 0 0 0 0 0
1.99526 4.21697e+06 0 0 0 0 0
1.99526 4.73151e+06 0 0 0 0 0
1.99526 5.30884e+06 0 0 0 0 0
1.99526 5.95662e+06 0 0 0 0 0
1.99526 6.68344e+06 0 0 0 0 0
1.99526 7.49894e+06 0 0 0 0 0
1.99526 8.41395e+06 0 0 0 0 0
1.99526 9.44061e+06 0 0 0 0 0
1.99526 1.05925e+07 0 0 0 0 0
1.99526 1.1885e+07 0 0 0 0 0
1.99526 1.33352e+07 0 0 0 0 0
1.99526 1.49624e+07 0 0 0 0 0
1.99526 1.6788e+07 0 0 0 0 0
1.99526 1.88365e+07 0 0 0 0 0
1.99526 2.11349e+07 0 0 0 0 0
1.99526 2.37137e+07 0 0 0 0 0
1.99526 2.66073e+07 0 0 0 0 0
1.99526 2.98538e+07 0 0 0 0 0
1.99526 3.34965e+07 0 0 0 0 0
1.99526 3.75837e+07 0 0 0 0 0
1.99526 4.21697e+07 0 0 0 0 0
1.99526 4.73151e+07 0 0 0 0 0
1.99526 5.30884e+07 0 0 0 0 0
1.99526 5.95662e+07 0 0 0 0 0
1.99526 6.68344e+07 0 0 0 0 0
1.99526 7.49894e+07 0 0 0 0 0
1.99526 8.41395e+07 0 0 0 0 0
1.99526 9.44061e+07 0 0 0 0 0
1.99526 1.05925e+08 0 0 0 0 0
1.99526 1.1885e+08 0 0 0 0 0
1.99526 1.33352e+08 0 0 0 0 0
1.99526 1.49624e+08 0 0 0 0 0
1.99526 1.6788e+08 0 0 0 0 0
1.99526 1.88365e+08 0 0 0 0 0
1.99526 2.11349e+08 0 0 0 0 0
1.99526 2.37137e+08 0 0 0 0 0
1.99526 2.66073e+08 0 0 0 0 0
1.99526 2.98538e+08 0 0 0 0 0
1.99526 3.34965e+08 0 0 0 0 0
1.99526 3.75837e+08 0 0 0 0 0
1.99526 4.21697e+08 0 0 0 0 0
1.99526 4.73151e+08 0 0 0 0 0
1.99526 5.30884e+08 0 0 0 0 0
1.99526 5.95662e+08 0 0 0 0 0
1.99526 6.68344e+08 0 0 0 0 0
1.99526 7.49894e+08 0 0 0 0 0
1.99526 8.41395e+08 0 0 0 0 0
1.99526 9.44061e+08 0 0 0 0 0
1.99526 1.05925e+09 0 0 0 0 0
1.99526 1.1885e+09 0 0 0 0 0
1.99526 1.33352e+09 0 0 0 0 0
1.99526 1.49624e+09 0 0 0 0 0
1.99526 1.6788e+09 0 0 0 0 0
1.99526 1.88365e+09 0 0 0 0 0
1.99526 2.11349e+09 0 0 0 0 0
1.99526 2.37137e+09 0 0 0 0 0
1.99526 2.66073e+09 0 0 0 0 0
1.99526 2.98538e+09 0 0 0 0 0
1.99526 3.34965e+09 0 0 0 0 0
1.99526 3.75837e+09 0 0 0 0 0
1.99526 4.21697e+09 0 0 0 0 0
1.99526 4.73151e+09 0 0 0 0 0
1.99526 5.30884e+09 0 0 0 0 0
1.99526 5.95662e+09 0 0 0 0 0
1.99526 6.68344e+09 0 0 0 0 0
1.99526 7.49894e+09 0 0 0 0 0
1.99526 8.41395e+09 0 0 0 0 0
1.99526 9.44061e+09 0 0 0 0 0
1.99526 1.05925e+10 0 0 0 0 0
1.99526 1.1885e+10 0 0 0 0 0
1.99526 1.33352e+10 0 0 0 0 0
1.99526 1.49624e+10 0 0 0 0 0
1.99526 1.6788e+10 0 0 0 0 0
1.99526 1.88365e+10 0 0 0 0 0
1.99526 2.11349e+10 0 0 0 0 0
1.99526 2.37137e+10 0 0 0 0 0
1.99526 2.66073e+10 0 0 0 0 0
1.99526 2.98538e+10 0 0 0 0 0
1.99526 3.34965e+10 0 0 0 0 0
1.99526 3.75837e+10 0 0 0 0 0
1.99526 4.21697e+10 0 0 0 0 0
1.99526 4.73151e+10 0 0 0 0 0
1.99526 5.30884e+10 0 0 0 0 0
1.99526 5.95662e+10 0 0 0 0 0
1.99526 6.68344e+10 0 0 0 0 0
1.99526 7.49894e+10 0 0 0 0 0
1.99526 8.41395e+10 0 0 0 0 0
1.99526 9.44061e+10 0 0 0 0 0


3.98107 0.0005 8.69384e+56 7.04343e+56 7.04343e+56 0 1.21168e+57
3.98107 0.00105925 8.97047e+56 7.15957e+56 7.15957e+56 0 1.21382e+57
3.98107 0.0011885 8.97827e+56 7.16764e+56 7.16764e+56 0 1.2138e+57
3.98107 0.00133352 8.98857e+56 7.1796e+56 7.1796e+56 0 1.21377e+57
3.98107 0.00149624 9.00225e+56 7.19701e+56 7.19701e+56 2.2159e+52 1.21373e+57
3.98107 0.0016788 9.02006e+56 7.22116e+56 7.22116e+56 1.09741e+53 1.21368e+57
3.98107 0.00188365 9.0427e+56 7.25327e+56 7.25327e+56 3.03679e+53 1.21362e+57
3.98107 0.00211349 9.07092e+56 7.29461e+56 7.29461e+56 6.73052e+53 1.21354e+57
3.98107 0.00237137 9.10581e+56 7.34714e+56 7.34714e+56 1.30426e+54 1.21344e+57
3.98107 0.00266073 9.14908e+56 7.41388e+56 7.41388e+56 2.37166e+54 1.21332e+57
3.98107 0.00298538 9.20201e+56 7.49713e+56 7.49713e+56 3.9991e+54 1.21316e+57
3.98107 0.00334965 9.26599e+56 7.59936e+56 7.59936e+56 6.32828e+54 1.21297e+57
3.98107 0.00375837 9.34233e+56 7.72291e+56 7.72291e+56 9.67381e+54 1.21272e+57
3.98107 0.00421697 9.43202e+56 7.86954e+56 7.86954e+56 1.4028e+55 1.21242e+57
3.98107 0.00473151 9.53523e+56 8.03955e+56 8.03955e+56 1.95392e+55 1.21203e+57
3.98107 0.00530884 9.65392e+56 8.23654e+56 8.23654e+56 2.6597e+55 1.21155e+57
3.98107 0.00595662 9.79048e+56 8.46497e+56 8.46497e+56 3.56468e+55 1.21094e+57
3.98107 0.00668344 9.9432e+56 8.72181e+56 8.72181e+56 4.68492e+55 1.21018e+57
3.98107 0.00749894 1.01107e+57 9.00471e+56 9.00471e+56 6.05079e+55 1.20922e+57
3.98107 0.00841395 1.02893e+57 9.30732e+56 9.30732e+56 7.706e+55 1.20802e+57
3.98107 0.00944061 1.0479e+57 9.62982e+56 9.62982e+56 9.64386e+55 1.20652e+57
3.98107 0.0105925 1.06761e+57 9.96647e+56 9.96647e+56 1.19102e+56 1.20464e+57
3.98107 0.011885 1.08741e+57 1.03057e+57 1.03057e+57 1.4532e+56 1.20229e+57
3.98107 0.0133352 1.10652e+57 1.06347e+57 1.06347e+57 1.75327e+56 1.19935e+57
3.98107 0.0149624 1.12464e+57 1.09495e+57 1.09495e+57 2.09175e+56 1.19567e+57
3.98107 0.016788 1.14043e+57 1.12272e+57 1.12272e+57 2.46092e+56 1.19108e+57
3.98107 0.0188365 1.15336e+57 1.14606e+57 1.14606e+57 2.85309e+56 1.18537e+57
3.98107 0.0211349 1.16404e+57 1.16641e+57 1.16641e+57 3.27289e+56 1.17825e+57
3.98107 0.0237137 1.17301e+57 1.18517e+57 1.18517e+57 3.70228e+56 1.1694e+57
3.98107 0.0266073 1.17527e+57 1.19362e+57 1.19362e+57 4.13622e+56 1.15842e+57
3.98107 0.0298538 1.17013e+57 1.19106e+57 1.19106e+57 4.55764e+56 1.14483e+57
3.98107 0.0334965 1.15692e+57 1.17697e+57 1.17697e+57 4.95497e+56 1.12803e+57
3.98107 0.0375837 1.13502e+57 1.15101e+57 1.15101e+57 5.32541e+56 1.10734e+57
3.98107 0.0421697 1.10383e+57 1.11297e+57 1.11297e+57 5.64415e+56 1.08193e+57
3.98107 0.0473151 1.0673e+57 1.07111e+57 1.07111e+57 5.90881e+56 1.05083e+57
3.98107 0.0530884 1.02319e+57 1.02232e+57 1.02232e+57 6.10505e+56 1.01296e+57
3.98107 0.0595662 9.69924e+56 9.64666e+56 9.64666e+56 6.22753e+56 9.67084e+56
3.98107 0.0668344 9.07e+56 8.97902e+56 8.97902e+56 6.27314e+56 9.11863e+56
3.98107 0.0749894 8.35256e+56 8.23744e+56 8.23744e+56 6.2407e+56 8.4593e+56
3.98107 0.0841395 7.55108e+56 7.42151e+56 7.42151e+56 6.13105e+56 7.6799e+56
3.98107 0.0944061 6.69411e+56 6.56039e+56 6.56039e+56 5.947e+56 6.80933e+56
3.98107 0.105925 5.82857e+56 5.70405e+56 5.70405e+56 5.693e+56 5.92436e+56
3.98107 0.11885 4.99703e+56 4.88819e+56 4.88819e+56 5.38336e+56 5.07746e+56
3.98107 0.133352 4.23458e+56 4.13932e+56 4.13932e+56 5.01859e+56 4.30667e+56
3.98107 0.149624 3.55603e+56 3.47036e+56 3.47036e+56 4.62776e+56 3.62282e+56
3.98107 0.16788 2.95618e+56 2.87866e+56 2.87866e+56 4.20817e+56 3.01878e+56
3.98107 0.188365 2.4336e+56 2.3648e+56 2.3648e+56 3.77264e+56 2.49052e+56
3.98107 0.211349 1.98196e+56 1.92096e+56 1.92096e+56 3.34704e+56 2.03356e+56
3.98107 0.237137 1.59532e+56 1.54076e+56 1.54076e+56 2.92516e+56 1.64285e+56
3.98107 0.266073 1.26892e+56 1.22027e+56 1.22027e+56 2.52623e+56 1.31278e+56
3.98107 0.298538 9.96954e+55 9.53966e+55 9.53966e+55 2.15276e+56 1.0371e+56
3.98107 0.334965 7.73013e+55 7.35421e+55 7.35421e+55 1.80722e+56 8.09086e+55
3.98107 0.375837 5.9079e+55 5.58381e+55 5.58381e+55 1.49997e+56 6.22508e+55
3.98107 0.421697 4.44406e+55 4.16987e+55 4.16987e+55 1.23143e+56 4.71653e+55
3.98107 0.473151 3.28121e+55 3.05097e+55 3.05097e+55 9.98578e+55 3.51364e+55
3.98107 0.530884 2.37181e+55 2.17935e+55 2.17935e+55 8.00009e+55 2.56924e+55
3.98107 0.595662 1.67445e+55 1.51573e+55 1.51573e+55 6.29273e+55 1.83944e+55
3.98107 0.668344 1.15155e+55 1.0241e+55 1.0241e+55 4.88303e+55 1.2847e+55
3.98107 0.749894 7.69138e+54 6.70793e+54 6.70793e+54 3.7256e+55 8.71167e+54
3.98107 0.841395 4.9613e+54 4.232e+54 4.232e+54 2.78492e+55 5.70477e+54
3.98107 0.944061 3.08155e+54 2.57195e+54 2.57195e+54 2.05123e+55 3.58698e+54
3.98107 1.05925 1.82547e+54 1.48449e+54 1.48449e+54 1.47972e+55 2.15354e+54
3.98107 1.1885 1.02448e+54 8.07193e+53 8.07193e+53 1.02745e+55 1.22646e+54
3.98107 1.33352 5.43936e+53 4.16296e+53 4.16296e+53 6.74516e+54 6.57265e+53
3.98107 1.49624 2.71231e+53 2.03603e+53 2.03603e+53 4.29228e+54 3.26481e+53
3.98107 1.6788 1.24438e+53 9.24615e+52 9.24615e+52 2.56653e+54 1.46753e+53
3.98107 1.88365 5.04222e+52 3.69136e+52 3.69136e+52 1.41937e+54 5.77024e+52
3.98107 2.11349 1.69667e+52 1.21982e+52 1.21982e+52 7.41145e+53 1.87044e+52
3.98107 2.37137 4.29687e+51 3.03244e+51 3.03244e+51 3.39827e+53 4.55556e+51
3.98107 2.66073 6.85227e+50 4.73722e+50 4.73722e+50 1.26713e+53 6.94977e+50
3.98107 2.98538 3.98941e+49 2.67728e+49 2.67728e+49 2.66886e+52 3.7883e+49
3.98107 3.34965 0 0 0 0 0
3.98107 3.75837 0 0 0 0 0
3.98107 4.21697 0 0 0 0 0
3.98107 4.73151 0 0 0 0 0
3.98107 5.30884 0 0 0 0 0
3.98107 5.95662 0 0 0 0 0
3.98107 6.68344 0 0 0 0 0
3.98107 7.49894 0 0 0 0 0
3.98107 8.41395 0 0 0 0 0
3.98107 9.44061 0 0 0 0 0
3.98107 10.5925 0 0 0 0 0
3.98107 11.885 0 0 0 0 0
3.98107 13.3352 0 0 0 0 0
3.98107 14.9624 0 0 0 0 0
3.98107 16.788 0 0 0 0 0
3.98107 18.8365 0 0 0 0 0
3.98107 21.1349 0 0 0 0 0
3.98107 23.7137 0 0 0 0 0
3.98107 26.6073 0 0 0 0 0
3.98107 29.8538 0 0 0 0 0
3.98107 33.4965 0 0 0 0 0
3.98107 37.5837 0 0 0 0 0
3.98107 42.1697 0 0 0 0 0
3.98107 47.3151 0 0 0 0 0
3.98107 53.0884 0 0 0 0 0
3.98107 59.5662 0 0 0 0 0
3.98107 66.8344 0 0 0 0 0
3.98107 74.9894 0 0 0 0 0
3.98107 84.1395 0 0 0 0 0
3.98107 94.4061 0 0 0 0 0
3.98107 105.925 0 0 0 0 0
3.98107 118.85 0 0 0 0 0
3.98107 133.352 0 0 0 0 0
3.98107 149.624 0 0 0 0 0
3.98107 167.88 0 0 0 0 0
3.98107 188.365 0 0 0 0 0
3.98107 211.349 0 0 0 0 0
3.98107 237.137 0 0 0 0 0
3.98107 266.073 0 0 0 0 0
3.98107 298.538 0 0 0 0 0
3.98107 334.965 0 0 0 0 0
3.98107 375.837 0 0 0 0 0
3.98107 421.697 0 0 0 0 0
3.98107 473.151 0 0 0 0 0
3.98107 530.884 0 0 0 0 0
3.98107 595.662 0 0 0 0 0
3.98107 668.344 0 0 0 0 0
3.98107 749.894 0 0 0 0 0
3.98107 841.395 0 0 0 0 0
3.98107 944.061 0 0 0 0 0
3.98107 1059.25 0 0 0 0 0
3.98107 1188.5 0 0 0 0 0
3.98107 1333.52 0 0 0 0 0
3.98107 1496.24 0 0 0 0 0
3.98107 1678.8 0 0 0 0 0
3.98107 1883.65 0 0 0 0 0
3.98107 2113.49 0 0 0 0 0
3.98107 2371.37 0 0 0 0 0
3.98107 2660.73 0 0 0 0 0
3.98107 2985.38 0 0 0 0 0
3.98107 3349.65 0 0 0 0 0
3.98107 3758.37 0 0 0 0 0
3.98107 4216.97 0 0 0 0 0
3.98107 4731.51 0 0 0 0 0
3.98107 5308.84 0 0 0 0 0
3.98107 5956.62 0 0 0 0 0
3.98107 6683.44 0 0 0 0 0
3.98107 7498.94 0 0 0 0 0
3.98107 8413.95 0 0 0 0 0
3.98107 9440.61 0 0 0 0 0
3.98107 10592.5 0 0 0 0 0
3.98107 11885 0 0 0 0 0
3.98107 13335.2 0 0 0 0 0
3.98107 14962.4 0 0 0 0 0
3.98107 16788 0 0 0 0 0
3.98107 18836.5 0 0 0 0 0
3.98107 21134.9 0 0 0 0 0
3.98107 23713.7 0 0 0 0 0
3.98107 26607.3 0 0 0 0 0
3.98107 29853.8 0 0 0 0 0
3.98107 33496.5 0 0 0 0 0
3.98107 37583.7 0 0 0 0 0
3.98107 42169.7 0 0 0 0 0
3.98107 47315.1 0 0 0 0 0
3.98107 53088.4 0 0 0 0 0
3.98107 59566.2 0 0 0 0 0
3.98107 66834.4 0 0 0 0 0
3.98107 74989.4 0 0 0 0 0
3.98107 84139.5 0 0 0 0 0
3.98107 94406.1 0 0 0 0 0
3.98107 105925 0 0 0 0 0
3.98107 118850 0 0 0 0 0
3.98107 133352 0 0 0 0 0
3.98107 149624 0 0 0 0 0
3.98107 167880 0 0 0 0 0
3.98107 188365 0 0 0 0 0
3.98107 211349 0 0 0 0 0
3.98107 237137 0 0 0 0 0
3.98107 266073 0 0 0 0 0
3.98107 298538 0 0 0 0 0
3.98107 334965 0 0 0 0 0
3.98107 375837 0 0 0 0 0
3.98107 421697 0 0 0 0 0
3.98107 473151 0 0 0 0 0
3.98107 530884 0 0 0 0 0
3.98107 595662 0 0 0 0 0
3.98107 668344 0 0 0 0 0
3.98107 749894 0 0 0 0 0
3.98107 841395 0 0 0 0 0
3.98107 944061 0 0 0 0 0
3.98107 1.05925e+06 0 0 0 0 0
3.98107 1.1885e+06 0 0 0 0 0
3.98107 1.33352e+06 0 0 0 0 0
3.98107 1.49624e+06 0 0 0 0 0
3.98107 1.6788e+06 0 0 0 0 0
3.98107 1.88365e+06 0 0 0 0 0
3.98107 2.11349e+06 0 0 0 0 0
3.98107 2.37137e+06 0 0 0 0 0
3.98107 2.66073e+06 0 0 0 0 0
3.98107 2.98538e+06 0 0 0 0 0
3.98107 3.34965e+06 0 0 0 0 0
3.98107 3.75837e+06 0 0 0 0 0
3.98107 4.21697e+06 0 0 0 0 0
3.98107 4.73151e+06 0 0 0 0 0
3.98107 5.30884e+06 0 0 0 0 0
3.98107 5.95662e+06 0 0 0 0 0
3.98107 6.68344e+06 0 0 0 0 0
3.98107 7.49894e+06 0 0 0 0 0
3.98107 8.41395e+06 0 0 0 0 0
3.98107 9.44061e+06 0 0 0 0 0
3.98107 1.05925e+07 0 0 0 0 0
3.98107 1.1885e+07 0 0 0 0 0
3.98107 1.33352e+07 0 0 0 0 0
3.98107 1.49624e+07 0 0 0 0 0
3.98107 1.6788e+07 0 0 0 0 0
3.98107 1.88365e+07 0 0 0 0 0
3.98107 2.11349e+07 0 0 0 0 0
3.98107 2.37137e+07 0 0 0 0 0
3.98107 2.66073e+07 0 0 0 0 0
3.98107 2.98538e+07 0 0 0 0 0
3.98107 3.34965e+07 0 0 0 0 0
3.98107 3.75837e+07 0 0 0 0 0
3.98107 4.21697e+07 0 0 0 0 0
3.98107 4.73151e+07 0 0 0 0 0
3.98107 5.30884e+07 0 0 0 0 0
3.98107 5.95662e+07 0 0 0 0 0
3.98107 6.68344e+07 0 0 0 0 0
3.98107 7.49894e+07 0 0 0 0 0
3.98107 8.41395e+07 0 0 0 0 0
3.98107 9.44061e+07 0 0 0 0 0
3.98107 1.05925e+08 0 0 0 0 0
3.98107 1.1885e+08 0 0 0 0 0
3.98107 1.33352e+08 0 0 0 0 0
3.98107 1.49624e+08 0 0 0 0 0
3.98107 1.6788e+08 0 0 0 0 0
3.98107 1.88365e+08 0 0 0 0 0
3.98107 2.11349e+08 0 0 0 0 0
3.98107 2.37137e+08 0 0 0 0 0
3.98107 2.66073e+08 0 0 0 0 0
3.98107 2.98538e+08 0 0 0 0 0
3.98107 3.34965e+08 0 0 0 0 0
3.98107 3.75837e+08 0 0 0 0 0
3.98107 4.21697e+08 0 0 0 0 0
3.98107 4.73151e+08 0 0 0 0 0
3.98107 5.30884e+08 0 0 0 0 0
3.98107 5.95662e+08 0 0 0 0 0
3.98107 6.68344e+08 0 0 0 0 0
3.98107 7.49894e+08 0 0 0 0 0
3.98107 8.41395e+08 0 0 0 0 0
3.98107 9.44061e+08 0 0 0 0 0
3.98107 1.05925e+09 0 0 0 0 0
3.98107 1.1885e+09 0 0 0 0 0
3.98107 1.33352e+09 0 0 0 0 0
3.98107 1.49624e+09 0 0 0 0 0
3.98107 1.6788e+09 0 0 0 0 0
3.98107 1.88365e+09 0 0 0 0 0
3.98107 2.11349e+09 0 0 0 0 0
3.98107 2.37137e+09 0 0 0 0 0
3.98107 2.66073e+09 0 0 0 0 0
3.98107 2.98538e+09 0 0 0 0 0
3.98107 3.34965e+09 0 0 0 0 0
3.98107 3.75837e+09 0 0 0 0 0
3.98107 4.21697e+09 0 0 0 0 0
3.98107 4.73151e+09 0 0 0 0 0
3.98107 5.30884e+09 0 0 0 0 0
3.98107 5.95662e+09 0 0 0 0 0
3.98107 6.68344e+09 0 0 0 0 0
3.98107 7.49894e+09 0 0 0 0 0
3.98107 8.41395e+09 0 0 0 0 0
3.98107 9.44061e+09 0 0 0 0 0
3.98107 1.05925e+10 0 0 0 0 0
3.98107 1.1885e+10 0 0 0 0 0
3.98107 1.33352e+10 0 0 0 0 0
3.98107 1.49624e+10 0 0 0 0 0
3.98107 1.6788e+10 0 0 0 0 0
3.98107 1.88365e+10 0 0 0 0 0
3.98107 2.11349e+10 0 0 0 0 0
3.98107 2.37137e+10 0 0 0 0 0
3.98107 2.66073e+10 0 0 0 0 0
3.98107 2.98538e+10 0 0 0 0 0
3.98107 3.34965e+10 0 0 0 0 0
3.98107 3.75837e+10 0 0 0 0 0
3.98107 4.21697e+10 0 0 0 0 0
3.98107 4.73151e+10 0 0 0 0 0
3.98107 5.30884e+10 0 0 0 0 0
3.98107 5.95662e+10 0 0 0 0 0
3.98107 6.68344e+10 0 0 0 0 0
3.98107 7.49894e+10 0 0 0 0 0
3.98107 8.41395e+10 0 0 0 0 0
3.98107 9.44061e+10 0 0 0 0 0
