1.12201845e+07 1.12635887e-07 4.00554912e-08 5.06310019e-09 1.82467160e-09 3.13095395e-09
1.41253754e+07 1.10690865e-07 3.95351523e-08 5.61124670e-09 2.11063484e-09 3.81543229e-09
1.77827941e+07 1.08158340e-07 3.91044950e-08 6.38568732e-09 2.41789096e-09 4.57470824e-09
2.23872114e+07 1.07593913e-07 3.94909897e-08 6.93325728e-09 2.80528785e-09 5.61195758e-09
2.81838293e+07 1.07354199e-07 3.85248409e-08 7.26163934e-09 3.04453165e-09 6.66146176e-09
3.54813389e+07 1.03530647e-07 3.44180295e-08 7.14732688e-09 3.14548185e-09 7.41595602e-09
4.46683592e+07 9.94461194e-08 3.35999232e-08 6.97242335e-09 3.26256245e-09 8.38229416e-09
5.62341325e+07 9.57476379e-08 3.27015311e-08 6.52518205e-09 3.22383264e-09 9.14839110e-09
7.07945784e+07 9.02020981e-08 3.20029937e-08 5.85913434e-09 3.50855470e-09 1.02073370e-08
8.91250938e+07 8.66597164e-08 3.06877654e-08 5.54879518e-09 3.91196531e-09 1.10280724e-08
1.12201845e+08 8.59883649e-08 3.05173942e-08 4.97178170e-09 4.47707652e-09 1.15575832e-08
1.41253754e+08 8.58188928e-08 2.87480142e-08 4.25748511e-09 5.03254297e-09 1.16020124e-08
1.77827941e+08 8.82388489e-08 2.86693606e-08 4.00356539e-09 5.57046873e-09 1.02484130e-08
2.23872114e+08 9.55870646e-08 2.75969067e-08 3.61102153e-09 5.65671325e-09 8.33802311e-09
2.81838293e+08 9.66947184e-08 2.79232248e-08 3.52126643e-09 5.84705019e-09 6.89700524e-09
3.54813389e+08 9.43304416e-08 2.65825712e-08 3.37096235e-09 5.80124952e-09 5.42671536e-09
4.46683592e+08 8.72386030e-08 2.48203035e-08 3.27592284e-09 5.74045062e-09 4.67134770e-09
5.62341325e+08 7.81286147e-08 2.31694097e-08 3.10403796e-09 5.95075914e-09 4.33146498e-09
7.07945784e+08 7.51131069e-08 2.19392447e-08 3.16566380e-09 6.02146550e-09 4.29053734e-09
8.91250938e+08 6.45509232e-08 1.94981707e-08 3.01410024e-09 6.00909168e-09 4.67771544e-09
1.12201845e+09 5.43516741e-08 1.75133572e-08 3.05624112e-09 6.01078165e-09 5.18158624e-09
1.41253754e+09 4.63353008e-08 1.61326578e-08 3.02336561e-09 5.99748398e-09 5.52161875e-09
1.77827941e+09 3.88145020e-08 1.38271564e-08 2.92259980e-09 6.14309502e-09 5.61881294e-09
2.23872114e+09 2.93954471e-08 1.17325347e-08 2.57137831e-09 6.48037309e-09 5.92413973e-09
2.81838293e+09 2.48238104e-08 9.27003658e-09 2.24652435e-09 6.11980318e-09 5.56257670e-09
3.54813389e+09 1.93534034e-08 6.39187586e-09 2.14317996e-09 5.26127884e-09 5.29718944e-09
4.46683592e+09 1.63039966e-08 4.43878758e-09 1.89014722e-09 4.44017632e-09 5.09819652e-09
5.62341325e+09 1.40639616e-08 2.94709477e-09 1.47894104e-09 3.77972085e-09 4.56200601e-09
7.07945784e+09 1.24725021e-08 2.00173387e-09 1.20964982e-09 3.08845519e-09 4.17556259e-09
8.91250938e+09 1.00220602e-08 1.17772675e-09 7.96401698e-10 2.62368192e-09 4.09423689e-09
1.12201845e+10 8.57680213e-09 9.25642746e-10 5.80430330e-10 2.45910521e-09 3.58005628e-09
1.41253754e+10 7.62127113e-09 8.35825632e-10 3.77268188e-10 1.96618748e-09 3.25416372e-09
1.77827941e+10 5.84961937e-09 4.27256884e-10 2.42146773e-10 1.68570528e-09 2.95697400e-09
2.23872114e+10 4.51470361e-09 3.24844248e-10 1.72535433e-10 1.19372441e-09 2.27975850e-09
2.81838293e+10 3.65608570e-09 3.24511372e-11 1.05229241e-10 7.97641198e-10 1.69846384e-09
3.54813389e+10 3.13257841e-09 1.62418164e-11 6.65932225e-11 5.82170993e-10 1.07023376e-09
4.46683592e+10 2.20359614e-09 5.15122847e-12 4.19740832e-11 3.93057663e-10 6.70296774e-10
5.62341325e+10 1.47779544e-09 1.19367863e-12 1.38932805e-11 2.58619322e-10 3.80289587e-10
7.07945784e+10 5.26763550e-10 6.86888236e-13 8.25447606e-12 1.46819596e-10 3.53722981e-10
8.91250938e+10 3.28516608e-10 4.48464607e-12 2.61136267e-12 1.12035676e-10 2.39366160e-10
1.12201845e+11 8.59817796e-11 3.36138754e-12 0.00000000e+00 8.25987265e-11 1.29719657e-10
1.41253754e+11 2.42094446e-11 7.10558065e-12 2.36370814e-12 1.83884982e-11 7.26914208e-11
1.77827941e+11 3.99473470e-12 1.07276051e-12 0.00000000e+00 1.01972310e-11 2.56678675e-11
2.23872114e+11 1.45377235e-12 4.89035324e-13 0.00000000e+00 2.76541757e-12 1.32653284e-11
2.81838293e+11 4.28096359e-14 0.00000000e+00 3.41486579e-12 0.00000000e+00 5.18720057e-12
3.54813389e+11 4.20180705e-13 1.38051104e-12 0.00000000e+00 9.69745267e-13 7.54709262e-13
4.46683592e+11 1.05399299e-13 0.00000000e+00 0.00000000e+00 0.00000000e+00 5.70100382e-13
5.62341325e+11 1.14743726e-16 0.00000000e+00 0.00000000e+00 0.00000000e+00 0.00000000e+00
7.07945784e+11 2.16596574e-15 0.00000000e+00 0.00000000e+00 1.00884488e-12 1.03824819e-12
8.91250938e+11 0.00000000e+00 0.00000000e+00 0.00000000e+00 0.00000000e+00 0.00000000e+00
1.12201845e+12 0.00000000e+00 0.00000000e+00 0.00000000e+00 0.00000000e+00 0.00000000e+00
1.41253754e+12 0.00000000e+00 0.00000000e+00 0.00000000e+00 0.00000000e+00 0.00000000e+00
1.77827941e+12 0.00000000e+00 0.00000000e+00 0.00000000e+00 0.00000000e+00 0.00000000e+00
2.23872114e+12 0.00000000e+00 0.00000000e+00 0.00000000e+00 0.00000000e+00 0.00000000e+00
2.81838293e+12 0.00000000e+00 0.00000000e+00 0.00000000e+00 0.00000000e+00 0.00000000e+00
3.54813389e+12 0.00000000e+00 0.00000000e+00 0.00000000e+00 0.00000000e+00 0.00000000e+00
4.46683592e+12 0.00000000e+00 0.00000000e+00 0.00000000e+00 0.00000000e+00 0.00000000e+00
5.62341325e+12 0.00000000e+00 0.00000000e+00 0.00000000e+00 0.00000000e+00 0.00000000e+00
7.07945784e+12 0.00000000e+00 0.00000000e+00 0.00000000e+00 0.00000000e+00 0.00000000e+00
