0.0001 0.0 6.885897949070521
0.00012589254117941674 0.0 4.038547962117562
0.00015848931924611142 0.0 2.4361289736513263
0.00019952623149688788 0.0 1.4619803524042765
0.00025118864315095795 0.0 0.880915445490413
0.00031622776601683794 0.0 0.5460751507107643
0.00039810717055349735 0.0 0.33515409464444884
0.0005011872336272725 3.7618622517780207e-11 0.21251588147894823
0.000630957344480193 5.572303355482823e-11 0.1347367607930812
0.0007943282347242813 5.670603795743183e-11 0.08560100063965653
0.001 5.767456693857576e-11 0.05511491365294417
0.0012589254117941675 5.861801964147323e-11 0.0343450723720262
0.001584893192461114 5.966474899677309e-11 0.021089147925558382
0.001995262314968879 6.089704092855866e-11 0.012175092281305526
0.002511886431509582 6.234277354445887e-11 0.0065331709322809526
0.0031622776601683794 6.400711438154801e-11 0.0033826329427041123
0.003981071705534973 6.594148955502757e-11 0.0016104832400268196
0.005011872336272725 6.81196474534671e-11 0.0007778567893483067
0.00630957344480193 7.055278178600598e-11 0.0003626963396151044
0.00794328234724282 7.319952321545141e-11 0.00016743484769570893
0.01 7.591405187501913e-11 8.037539735538414e-05
0.012589254117941675 7.861121731632551e-11 3.71842555944971e-05
0.01584893192461114 8.090584838181082e-11 1.8163984246615615e-05
0.01995262314968881 8.262374361972413e-11 8.73247714571716e-06
0.025118864315095822 8.352664089522972e-11 4.198329935714903e-06
0.03162277660168379 8.319662442116867e-11 2.096895464457908e-06
0.039810717055349734 8.148905125679601e-11 1.011774980599599e-06
0.05011872336272725 7.831259954775464e-11 5.113964957960446e-07
0.06309573444801936 7.362920708662717e-11 2.5395365053021777e-07
0.07943282347242822 6.733792349645543e-11 1.255829050333986e-07
0.1 5.979048544161616e-11 6.414886375615587e-08
0.12589254117941676 5.1787319546769454e-11 3.160821991059744e-08
0.15848931924611143 4.44453808023487e-11 1.621940332947342e-08
0.19952623149688808 3.785223563069514e-11 8.15813564536966e-09
0.25118864315095824 3.2038996911425994e-11 4.072433150847508e-09
0.31622776601683794 2.7075807079625848e-11 2.0924051568136417e-09
0.3981071705534973 2.2720426629394662e-11 1.0342894357083557e-09
0.5011872336272725 1.9058753341506974e-11 5.303307805751287e-10
0.6309573444801936 1.5905632327953967e-11 2.656685637900998e-10
0.7943282347242822 1.3211129674044248e-11 1.3161904221868676e-10
1.0 1.0964088756743627e-11 6.685977835564414e-11
1.2589254117941688 9.029036229394993e-12 3.245140172072272e-11
1.584893192461114 7.433068140726807e-12 1.6278356316411954e-11
1.9952623149688788 6.082719393505839e-12 7.932671623246812e-12
2.5118864315095824 4.9512546489453764e-12 3.8011148623685705e-12
3.1622776601683795 4.027878449549048e-12 1.8514423057637886e-12
3.9810717055349776 3.2493672097969776e-12 8.294294010391988e-13
5.011872336272725 2.6221973755732107e-12 3.635428182655635e-13
6.309573444801943 2.1034493825590676e-12 1.4367494355832857e-13
7.943282347242821 1.6788207879782321e-12 5.273000586325582e-14
10.0 1.3402022672254128e-12 1.9623556819804835e-14
12.589254117941687 1.0607830381623592e-12 6.581335944602969e-15
15.848931924611142 8.409355851924454e-13 2.366709185659945e-15
19.95262314968883 6.631416571335434e-13 7.986358340420523e-16
25.11886431509582 5.213671174891516e-13 2.650946735494672e-16
31.622776601683793 4.111471094480628e-13 9.305891262675214e-17
39.81071705534978 3.223924479083679e-13 3.066912944995442e-17
50.11872336272725 2.5426271692848e-13 1.1251062765076721e-17
63.09573444801943 2.003564359050671e-13 3.984428377404392e-18
79.43282347242821 1.5827125288311092e-13 1.4175677946572198e-18
100.0 1.2610384934815574e-13 5.430672705083884e-19
125.89254117941688 1.0057566097317379e-13 2.063930011884763e-19
158.48931924611142 8.116721838280801e-14 9.308614939534823e-20
199.5262314968883 6.583248103640737e-14 4.65834140877916e-20
251.18864315095823 5.376821223908831e-14 2.5895534717405418e-20
316.22776601683796 4.430996465503798e-14 1.3151710532946584e-20
398.1071705534977 3.647927599468058e-14 2.301222624419326e-21
501.18723362727246 3.00545050066056e-14 4.6842110054571006e-23
630.9573444801943 2.4576146616970664e-14 7.819165607812358e-30
794.3282347242822 1.9860056885208072e-14 2.8097753220256266e-38
1000.0 1.5795961056554146e-14 9.028040814921889e-65
1258.9254117941687 1.2244559926221897e-14 1.0306347616906267e-108
1584.893192461114 9.199265024052116e-15 2.8744750703038237e-136
1995.262314968883 6.661040133412171e-15 3.643778552207729e-194
2511.886431509582 4.61503563872051e-15 2.1387072260612e-223
3162.2776601683795 3.0245607053592215e-15 5.193930671262019e-272
3981.0717055349774 1.8642528467863323e-15 7.580707000725481e-306
5011.872336272725 1.0639301777985603e-15 9.473014e-317
6309.573444801943 5.576024422858217e-16 0.0
7943.282347242822 2.652938875830249e-16 1.773586e-317
10000.0 1.1177177572992428e-16 4.797118148223963e-300
12589.254117941662 4.181172153431104e-17 4.3120337393964934e-276
15848.931924611174 1.36576252942952e-17 2.166877538717316e-261
19952.62314968883 3.84262278662335e-18 4.272965546192027e-233
25118.864315095823 9.444220078322933e-19 3.381812484974695e-218
31622.776601683792 1.810118739797889e-19 7.0871491558673e-191
39810.71705534969 2.6828722350763e-20 1.7219187122548372e-166
50118.72336272735 2.7099638845957185e-21 6.292149229206908e-154
63095.73444801943 1.764158721058975e-22 6.064965404750536e-134
79432.82347242821 7.46162385512037e-24 2.1416039175197505e-124
100000.0 6.120779415870474e-26 1.8399948541386075e-109
125892.54117941661 2.733959923998077e-28 3.8103804371095674e-100
158489.31924611173 4.167408038259245e-32 1.1230972045514111e-94
199526.2314968883 8.051167121288988e-37 8.395033976264127e-93
251188.6431509582 3.576096521104006e-42 1.0572649288790129e-93
316227.7660168379 6.1224908860985646e-55 2.2030605721866698e-100
398107.17055349855 1.9366247441785496e-71 4.6800930783535846e-117
501187.2336272735 3.200011892874024e-86 1.8657317525703795e-132
630957.3444801943 0.0 0.0
794328.2347242822 0.0 0.0
1000000.0 0.0 0.0
1258925.4117941714 0.0 0.0
1584893.1924611174 0.0 0.0
1995262.3149688828 0.0 0.0
2511886.4315095823 0.0 0.0
3162277.6601683795 0.0 0.0
3981071.7055349858 0.0 0.0
5011872.336272735 0.0 0.0
6309573.444801942 0.0 0.0
7943282.347242822 0.0 0.0
10000000.0 0.0 0.0
