0.0001 1.0373426651744868 0.0
0.00012589254117941674 0.6552545213923701 0.0
0.00015848931924611142 0.42135411559535507 0.0
0.00019952623149688788 0.2685359583908236 0.0
0.00025118864315095795 0.170179137759037 0.0
0.00031622776601683794 0.10936172984484607 0.0
0.00039810717055349735 0.06885484011608675 0.0
0.0005011872336272725 0.04401633251563161 1.0315629926745107e-09
0.000630957344480193 0.02762578593384915 1.5259496034735555e-09
0.0007943282347242813 0.016995768829761306 1.5502717583069307e-09
0.001 0.010408659978158593 1.5743834874061646e-09
0.0012589254117941675 0.006076379125066526 1.597408717825332e-09
0.001584893192461114 0.0035280716606021843 1.623463876120349e-09
0.001995262314968879 0.0019724767225048944 1.6546057617853021e-09
0.002511886431509582 0.001068888572716053 1.6921410095288607e-09
0.0031622776601683794 0.0005818407863437246 1.7368132294100945e-09
0.003981071705534973 0.0003020715751259773 1.7903079039852594e-09
0.005011872336272725 0.0001598726151048508 1.8526632199789193e-09
0.00630957344480193 8.244335380075196e-05 1.924262783082851e-09
0.00794328234724282 4.1796786090577754e-05 2.003642141593372e-09
0.01 2.1693257381277905e-05 2.086158709871798e-09
0.012589254117941675 1.0846627858206361e-05 2.1668790921911536e-09
0.01584893192461114 5.641596827270721e-06 2.234942590505064e-09
0.01995262314968881 2.873901681751884e-06 2.2859542554856845e-09
0.025118864315095822 1.4576343991460875e-06 2.3143014630951556e-09
0.03162277660168379 7.618983535064657e-07 2.3045197333329403e-09
0.039810717055349734 3.85617723910395e-07 2.250058237538472e-09
0.05011872336272725 2.029112687714253e-07 2.1537815141819848e-09
0.06309573444801936 1.0500128810332946e-07 2.0129710818796023e-09
0.07943282347242822 5.3984273107591435e-08 1.822771621288955e-09
0.1 2.8617279565132773e-08 1.5958666552728655e-09
0.12589254117941676 1.4648556571521358e-08 1.3549410211618263e-09
0.15848931924611143 7.779586290582754e-09 1.1371335815799756e-09
0.19952623149688808 4.057831544945307e-09 9.447266679763892e-10
0.25118864315095824 2.1052009130622816e-09 7.796205016074275e-10
0.31622776601683794 1.120864766785088e-09 6.425374612599791e-10
0.3981071705534973 5.770258779265875e-10 5.254349555849591e-10
0.5011872336272725 3.0731169499387933e-10 4.3041289873310244e-10
0.6309573444801936 1.6057747081496954e-10 3.506976927291954e-10
0.7943282347242822 8.3064338595236e-11 2.8410862359286227e-10
1.0 4.405962721786455e-11 2.3003580392245293e-10
1.2589254117941688 2.2545509604736848e-11 1.8435236537190555e-10
1.584893192461114 1.1931921281682174e-11 1.4749242123651389e-10
1.9952623149688788 6.170919498923078e-12 1.169083260149987e-10
2.5118864315095824 3.158579857529001e-12 9.210515367404604e-11
3.1622776601683795 1.6570950671415968e-12 7.232483757932036e-11
3.9810717055349776 8.367429292412734e-13 5.6090620695923754e-11
5.011872336272725 4.3764075492598785e-13 4.347768775725527e-11
6.309573444801943 2.2409229616079085e-13 3.336127165414283e-11
7.943282347242821 1.1360211005120186e-13 2.540286232184263e-11
10.0 5.890845416555927e-14 1.930954995591053e-11
12.589254117941687 2.8318782378732598e-14 1.4493448527408229e-11
15.848931924611142 1.3062113195110626e-14 1.0883025495330572e-11
19.95262314968883 5.3618749235877966e-15 8.088346989077192e-12
25.11886431509582 2.0012692475461993e-15 5.9648605351009206e-12
31.622776601683793 7.381182998306749e-16 4.389016107776604e-12
39.81071705534978 2.4968617024814164e-16 3.1878564014237334e-12
50.11872336272725 9.803942905110525e-17 2.3171440050771145e-12
63.09573444801943 3.9829520470908685e-17 1.6674303046979473e-12
79.43282347242821 1.6946106134089017e-17 1.1910461539826174e-12
100.0 7.685082186858218e-18 8.51889001073735e-13
125.89254117941688 3.4511942203986943e-18 5.99691205061671e-13
158.48931924611142 1.7399438013910918e-18 4.234235080796935e-13
199.5262314968883 9.561626213492838e-19 2.9572074767346507e-13
251.18864315095823 5.636268872516101e-19 2.0508095026844653e-13
316.22776601683796 2.8727535359161483e-19 1.4211641092251922e-13
398.1071705534977 4.802894570650517e-20 9.697076025348648e-14
501.18723362727246 9.229414439133838e-22 6.630266551124037e-14
630.9573444801943 1.3051626449189817e-28 4.467619295818649e-14
794.3282347242822 4.232600823090271e-37 2.983740658303394e-14
1000.0 1.0739532630930328e-63 1.9836263143328852e-14
1258.9254117941687 9.48193358152796e-108 1.2919423171136575e-14
1584.893192461114 2.312107054463729e-135 8.340797090709318e-15
1995.262314968883 2.2475560194790703e-193 5.287959367113408e-15
2511.886431509582 1.1570599069252467e-222 3.3030574165046987e-15
3162.2776601683795 2.1973857141098228e-271 2.0317624062507513e-15
3981.0717055349774 2.5793975828967044e-305 1.2166532369764916e-15
5011.872336272725 3.1687849e-316 7.133635023833192e-16
6309.573444801943 0.0 4.0561284557689056e-16
7943.282347242822 0.0 2.2346683193010533e-16
10000.0 1.2023716312944222e-299 1.1795489702357587e-16
12589.254117941662 1.3232776988872007e-275 5.919745771072407e-17
15848.931924611174 7.573664766827694e-261 2.8367521967959204e-17
19952.62314968883 2.6753845193033268e-232 1.2714714039234824e-17
25118.864315095823 2.7352550434673594e-217 5.337482886036348e-18
31622.776601683792 1.4098551473308256e-189 2.045530533646505e-18
39810.71705534969 1.4818499361914119e-164 7.188634713204979e-19
50118.72336272735 8.064741915443488e-152 2.2885108537124297e-19
63095.73444801943 7.695764142153541e-131 6.514996480120107e-20
79432.82347242821 9.511785531473559e-121 1.6627718860850038e-20
100000.0 3.2914786056500727e-104 3.5241198707592796e-21
125892.54117941661 3.7688370044557763e-91 6.083568367970812e-22
158489.31924611173 2.183998582525211e-84 8.715894312922676e-23
199526.2314968883 3.86633272317275e-76 8.893725257879544e-24
251188.6431509582 7.636676090652409e-73 7.200969588673439e-25
316227.7660168379 1.7207838860514749e-71 2.916265444182884e-26
398107.17055349855 5.282314237583037e-73 6.1586009229765535e-28
501187.2336272735 1.197886010922063e-76 4.318668658394162e-30
630957.3444801943 1.2264164460642557e-84 1.8067613908480037e-32
794328.2347242822 5.174166962026128e-91 2.624673793352642e-35
1000000.0 7.741758293065491e-103 2.76076981899016e-41
1258925.4117941714 1.7417844080141424e-113 6.593446723642047e-46
1584893.1924611174 1.3413168030852806e-120 2.1736973860696634e-52
1995262.3149688828 5.281453415576495e-130 8.67427079468094e-60
2511886.4315095823 5.6347804826142835e-136 2.2610467936245334e-66
3162277.6601683795 7.749544405411603e-146 8.83940802525887e-81
3981071.7055349858 3.5054970028506946e-155 1.0559064251506527e-93
5011872.336272735 0.0 0.0
6309573.444801942 0.0 0.0
7943282.347242822 0.0 0.0
10000000.0 0.0 0.0
