0.0001 0.06343629030998284 0.0
0.00012589254117941674 0.040642677240053555 0.0
0.00015848931924611142 0.026497779851849618 0.0
0.00019952623149688788 0.01712526256201231 0.0
0.00025118864315095795 0.011016345125683735 0.0
0.00031622776601683794 0.007186988531517594 0.0
0.00039810717055349735 0.004605213697753177 0.0
0.0005011872336272725 0.0030014664077642633 1.7122308208380587e-15
0.000630957344480193 0.001937110006217501 2.5348070148621087e-15
0.0007943282347242813 0.00124159267694605 2.5777356012401177e-15
0.001 0.000804038634738323 2.620005751341732e-15
0.0012589254117941675 0.0005079242046195135 2.66089155693969e-15
0.001584893192461114 0.0003233805884886555 2.7063534552282325e-15
0.001995262314968879 0.00020107107639801274 2.7602473030734505e-15
0.002511886431509582 0.00012194598143205685 2.8238422662701135e-15
0.0031622776601683794 7.35162210399367e-05 2.8974500385352996e-15
0.003981071705534973 4.218291422662952e-05 2.983391865891573e-15
0.005011872336272725 2.414822683221911e-05 3.0806004673349426e-15
0.00630957344480193 1.3299102113714087e-05 3.1897227280216307e-15
0.00794328234724282 7.102563004774882e-06 3.3092340174323635e-15
0.01 3.816596947813046e-06 3.433755135826013e-15
0.012589254117941675 1.953590784335225e-06 3.558582746014923e-15
0.01584893192461114 1.023910546253567e-06 3.6692387700055345e-15
0.01995262314968881 5.223143478190615e-07 3.753673588045034e-15
0.025118864315095822 2.6277975627823935e-07 3.796530555501089e-15
0.03162277660168379 1.3548327468367397e-07 3.780559787683538e-15
0.039810717055349734 6.707489884442321e-08 3.699192954325681e-15
0.05011872336272725 3.442800543988366e-08 3.5462088282373967e-15
0.06309573444801936 1.7281097201908176e-08 3.3213425433422703e-15
0.07943282347242822 8.594224851050922e-09 3.0234363146019766e-15
0.1 4.395849900592542e-09 2.6702872370426945e-15
0.12589254117941676 2.1612345560231634e-09 2.3001670108936964e-15
0.15848931924611143 1.1034013043086808e-09 1.9658485988031655e-15
0.19952623149688808 5.508839961859773e-10 1.6693195955710905e-15
0.25118864315095824 2.725018592076946e-10 1.4100439598341183e-15
0.31622776601683794 1.3868223097921004e-10 1.1899892253101775e-15
0.3981071705534973 6.779868729441922e-11 9.978632754289583e-16
0.5011872336272725 3.44321950691933e-11 8.372431584835145e-16
0.6309573444801936 1.7092877469915156e-11 6.997530748506065e-16
0.7943282347242822 8.406687945968334e-12 5.830336644797021e-16
1.0 4.2550740602945276e-12 4.862946197876076e-16
1.2589254117941688 2.0671007933786143e-12 4.0346238656726735e-16
1.584893192461114 1.0436804352120587e-12 3.353348959975221e-16
1.9952623149688788 5.151414748851671e-13 2.777948920125907e-16
2.5118864315095824 2.520336161475384e-13 2.2957862118616166e-16
3.1622776601683795 1.2694280288272556e-13 1.900221877476861e-16
3.9810717055349776 6.137338335409912e-14 1.564607345048885e-16
5.011872336272725 3.065210192194743e-14 1.2911639387286703e-16
6.309573444801943 1.4327504667407327e-14 1.0617992128500095e-16
7.943282347242821 6.087866891131358e-15 8.710083174109685e-17
10.0 2.484443943399575e-15 7.156920904524182e-17
12.589254117941687 8.937750985407846e-16 5.848433610706082e-17
15.848931924611142 3.356525436200928e-16 4.791074863226304e-17
19.95262314968883 1.1896270053043046e-16 3.9101289778837556e-17
25.11886431509582 4.249357995344555e-17 3.1821616817932875e-17
31.622776601683793 1.7042781840888456e-17 2.5942759052432217e-17
39.81071705534978 6.932214467371136e-18 2.102426974225192e-17
50.11872336272725 3.15928343819371e-18 1.708673418669902e-17
63.09573444801943 1.4421402453531062e-18 1.383451461248818e-17
79.43282347242821 6.691015262282029e-19 1.1170920702729724e-17
100.0 3.2847677554143155e-19 9.040229336421095e-18
125.89254117941688 1.602036050797319e-19 7.270992501483554e-18
158.48931924611142 8.632343903134153e-20 5.868172004479723e-18
199.5262314968883 4.958503548906821e-20 4.718962030311614e-18
251.18864315095823 2.98411412227528e-20 3.7874780983261955e-18
316.22776601683796 1.5359795478113126e-20 3.052108814712981e-18
398.1071705534977 2.5640363177049207e-21 2.4472093506492908e-18
501.18723362727246 4.908433894456905e-23 1.9734490135550907e-18
630.9573444801943 6.838096882608315e-30 1.5907355655313375e-18
794.3282347242822 2.186647953166172e-38 1.2846090492103881e-18
1000.0 5.376861434665165e-65 1.045059914586383e-18
1258.9254117941687 4.543854751685617e-109 8.498207367864899e-19
1584.893192461114 1.086507802133798e-136 6.980046830817838e-19
1995.262314968883 1.0075609053651047e-194 5.754818571361825e-19
2511.886431509582 5.086905114843398e-224 4.785766009377119e-19
3162.2776601683795 9.241484345549441e-273 4.033007617058734e-19
3981.0717055349774 1.0406356737470081e-306 3.4239632704495133e-19
5011.872336272725 1.1781746e-317 2.9475946696918065e-19
6309.573444801943 5e-324 2.56024496110896e-19
7943.282347242822 1.555057e-318 2.246282216897355e-19
10000.0 5.155532587606422e-301 1.9896480183172156e-19
12589.254117941662 6.343686060671684e-277 1.7703970691845404e-19
15848.931924611174 3.757443352185315e-262 1.5858130270622743e-19
19952.62314968883 1.6333201096815555e-233 1.4231931649992133e-19
25118.864315095823 1.7958804221061347e-218 1.278910878861882e-19
31622.776601683792 1.2847033958719296e-190 1.1493104272423862e-19
39810.71705534969 2.218079687415672e-165 1.027138075455126e-19
50118.72336272735 1.4746113867491001e-152 9.092451317742282e-20
63095.73444801943 3.220162525006812e-131 7.943996331418325e-20
79432.82347242821 5.708290966997926e-121 6.815894322994165e-20
100000.0 6.970707003941798e-104 5.71553685694328e-20
125892.54117941661 5.072832315590301e-90 4.6512686286711635e-20
158489.31924611173 5.930525235672855e-83 3.634093201855418e-20
199526.2314968883 1.6059268510288855e-73 2.7120106982090233e-20
251188.6431509582 1.0911638474869887e-69 1.9161764072671015e-20
316227.7660168379 5.690540577518623e-67 1.2663051788905931e-20
398107.17055349855 3.132809087771415e-67 7.797764771147689e-21
501187.2336272735 2.540562575090726e-69 4.383984258299429e-21
630957.3444801943 8.109204097174694e-75 2.2355616309150427e-21
794328.2347242822 2.721743115829523e-79 1.0247532500770783e-21
1000000.0 7.669905521353722e-86 4.0829290363624116e-22
1258925.4117941714 3.241165500105659e-91 1.419145998461751e-22
1584893.1924611174 1.7913103955074296e-93 4.124420089523131e-23
1995262.3149688828 1.8444908695843815e-94 1.0092095159599892e-23
2511886.4315095823 2.111123757212449e-93 2.1515169802464125e-24
3162277.6601683795 1.840350271957604e-90 3.5484157123973674e-25
3981071.7055349858 8.201437638828226e-87 4.602567241649996e-26
5011872.336272735 3.379497452291872e-83 3.7422775283495154e-27
6309573.444801942 1.0838666853087866e-78 1.9203164376219849e-28
7943282.347242822 8.472045142580399e-76 6.560415985420228e-30
10000000.0 2.994258756323376e-72 1.7705992435612044e-32
