1.07461e-07 0 0 144.666 409.81 2.14865e+14 0 0 0 1.69334e-06 0 0 0
1.24094e-07 0 0 187.669 462.377 1.90727e+14 0 0 0 1.95543e-06 0 0 0
1.43301e-07 0 0 238.3 520.283 1.68838e+14 0 0 0 2.2581e-06 0 0 0
1.65482e-07 0 0 296.839 583.689 1.49005e+14 0 0 0 2.60761e-06 0 0 0
1.91095e-07 0 0 363.394 652.647 1.31054e+14 0 0 0 3.01122e-06 0 0 0
2.20673e-07 0 0 437.879 727.058 1.14826e+14 0 0 0 3.47731e-06 0 0 0
2.5483e-07 0 0 519.97 806.634 1.00181e+14 0 0 0 4.01553e-06 0 0 0
2.94273e-07 0 0 609.07 890.851 8.69907e+13 0 0 0 4.63706e-06 0 0 0
3.39821e-07 0 0 704.267 978.906 7.51407e+13 0 0 0 5.35479e-06 0 0 0
3.92419e-07 0 0 804.295 1069.67 6.45274e+13 0 0 0 6.18362e-06 0 0 0
4.53158e-07 0 0 907.512 1161.69 5.50575e+13 0 0 0 7.14073e-06 0 0 0
5.23299e-07 0 0 1011.9 1253.15 4.66463e+13 0 0 0 8.24598e-06 0 0 0
6.04296e-07 0 0 1115.1 1341.94 3.92164e+13 0 0 0 9.52231e-06 0 0 0
6.97831e-07 0 0 1214.51 1425.74 3.26964e+13 0 0 0 1.09962e-05 0 0 0
8.05842e-07 0 0 1307.43 1502.19 2.70196e+13 0 0 0 1.26982e-05 0 0 0
9.30572e-07 0 0 1391.3 1569.06 2.21221e+13 0 0 0 1.46636e-05 0 0 0
1.07461e-06 0 0 1463.99 1624.64 1.79423e+13 0 0 0 1.69333e-05 0 0 0
1.24094e-06 0 0 1524.21 1668.04 1.44188e+13 0 0 0 1.95542e-05 0 0 0
1.43301e-06 0 0 1571.93 1699.6 1.14901e+13 0 0 0 2.25808e-05 0 0 0
1.65482e-06 0 0 1608.74 1721.29 9.09337e+12 0 0 0 2.60759e-05 0 0 0
1.91095e-06 0 0 1638.14 1736.93 7.16486e+12 0 0 0 3.01119e-05 0 0 0
2.20673e-06 0 0 1665.59 1752.22 5.63983e+12 0 0 0 3.47727e-05 0 0 0
2.5483e-06 0 0 1698.18 1774.41 4.45391e+12 0 0 0 4.01548e-05 0 0 0
2.94273e-06 0 0 1743.93 1811.52 3.54469e+12 0 0 0 4.63699e-05 0 0 0
3.39821e-06 0 0 1810.65 1871.26 2.85381e+12 0 0 0 5.3547e-05 0 0 0
3.92419e-06 0 0 1904.67 1959.77 2.32913e+12 0 0 0 6.18349e-05 0 0 0
4.53158e-06 0 0 2029.74 2080.49 1.92653e+12 0 0 0 7.14056e-05 0 0 0
5.23299e-06 0 0 2186.5 2233.76 1.61097e+12 0 0 0 8.24576e-05 0 0 0
6.04296e-06 0 0 2372.82 2417.17 1.35655e+12 0 0 0 9.52201e-05 0 0 0
6.97831e-06 0 0 2584.94 2626.72 1.1455e+12 0 0 0 0.000109958 0 0 0
8.05842e-06 0 0 2818.91 2858.32 9.66544e+11 0 0 0 0.000126977 0 0 0
9.30572e-06 0 0 3071.94 3109.1 8.12905e+11 0 0 0 0.000146629 0 0 0
1.07461e-05 0 0 3343.15 3378.14 6.80527e+11 0 0 0 0.000169323 0 0 0
1.24094e-05 0 0 3633.8 3666.71 5.66772e+11 0 0 0 0.00019553 0 0 0
1.43301e-05 0 0 3947.18 3978.12 4.69622e+11 0 0 0 0.000225791 0 0 0
1.65482e-05 0 0 4288.4 4317.49 3.87288e+11 0 0 0 0.000260737 0 0 0
1.91095e-05 0 0 4664.19 4691.58 3.1807e+11 0 0 0 0.000301089 0 0 0
2.20673e-05 0 0 5082.73 5108.57 2.60321e+11 0 0 0 0.000347687 0 0 0
2.5483e-05 0 0 5553.41 5577.85 2.12463e+11 0 0 0 0.000401494 0 0 0
2.94273e-05 0 0 6086.59 6109.78 1.73012e+11 0 0 0 0.000463628 0 0 0
3.39821e-05 0 0 6693.57 6715.65 1.40619e+11 0 0 0 0.000535375 0 0 0
3.92419e-05 0 0 7386.96 7408.05 1.14087e+11 0 0 0 0.000618222 0 0 0
4.53158e-05 0 0 8181.59 8201.81 9.23887e+10 0 0 0 0.000713887 0 0 0
5.23299e-05 0 0 9095.78 9115.25 7.46638e+10 0 0 0 0.00082435 0 0 0
6.04296e-05 0 0 10152.7 10171.5 6.02046e+10 0 0 0 0.0009519 0 0 0
6.97831e-05 0 0 11381.3 11399.6 4.84316e+10 0 0 0 0.00109918 0 0 0
8.05842e-05 0 0 12816.4 12834.2 3.88684e+10 0 0 0 0.00126923 0 0 0
9.30572e-05 0 0 14499.5 14516.9 3.11207e+10 0 0 0 0.00146558 0 0 0
0.000107461 0 0 16479.4 16496.6 2.48602e+10 0 0 0 0.00169228 0 0 0
0.000124094 0 0 18815.2 18832.2 1.9814e+10 0 0 0 0.00195403 0 0 0
0.000143301 1.00999e-293 1.00999e-293 21579.4 21596.3 1.57564e+10 0 0 0 0.00225622 0 0 0
0.000165482 4.12606e-216 4.12606e-216 24861.2 24878 1.25016e+10 0 0 0 0.00260511 0 0 0
0.000191095 1.0049e-158 1.0049e-158 28769.7 28786.6 9.89691e+09 0 0 0 0.00300789 0 0 0
0.000220673 2.75128e-116 2.75128e-116 33437.6 33454.6 7.81761e+09 0 0 0 0.00347286 0 0 0
0.00025483 6.7182e-85 6.7182e-85 39026.6 39043.8 6.16171e+09 0 0 0 0.0040096 0 0 0
0.000294273 1.11602e-61 1.11602e-61 45734.5 45751.9 4.84612e+09 0 0 0 0.00462915 0 0 0
0.000339821 1.70364e-44 1.70364e-44 53803.9 53821.6 3.80337e+09 0 0 0 0.00534425 0 0 0
0.000392419 8.97913e-32 8.97913e-32 63532 63550.2 2.9788e+09 0 0 0 0.00616956 0 0 0
0.000453158 2.38406e-22 2.38406e-22 75283.3 75301.9 2.32825e+09 0 0 0 0.00712198 0 0 0
0.000523299 2.31244e-15 2.31244e-15 89505.1 89524.2 1.81616e+09 0 0 0 0.00822098 0 0 0
0.000604296 3.54398e-10 3.54398e-10 106747 106767 1.41395e+09 0 0 0 0.00948898 0 0 0
0.000697831 2.53323e-06 2.53323e-06 127684 127704 1.09873e+09 0 0 0 0.0109517 0 0 0
0.000805842 0.00187967 0.00187967 153147 153168 8.52214e+08 0 0 0 0.0126389 0 0 0
0.000930572 0.261538 0.261538 184158 184180 6.59829e+08 0 0 0 0.0145846 0 0 0
0.00107461 10.5645 10.5645 221976 221999 5.09991e+08 0 0 0 0.016828 0 0 0
0.00124094 171.128 171.128 268153 268177 3.9352e+08 0 0 0 0.0194139 0 0 0
0.00143301 1411.35 1411.35 324600 324625 3.0316e+08 0 0 0 0.0223937 0 0 0
0.00165482 7069.93 7069.93 393677 393703 2.33186e+08 0 0 0 0.0258265 0 0 0
0.00191095 24507.4 24507.4 478293 478321 1.79096e+08 0 0 0 0.0297795 0 0 0
0.00220673 64732.8 64732.8 582042 582071 1.37357e+08 0 0 0 0.0343296 0 0 0
0.0025483 139901 139901 709360 709391 1.05201e+08 0 0 0 0.0395643 0 0 0
0.00294273 260753 260753 865729 865762 8.04678e+07 0 0 0 0.0455832 0 0 0
0.00339821 435744 435744 1.05792e+06 1.05796e+06 6.1473e+07 0 0 0 0.0524988 0 0 0
0.00392419 671883 671883 1.29431e+06 1.29435e+06 4.69064e+07 0 0 0 0.0604385 0 0 0
0.00453158 976391 976391 1.58525e+06 1.58529e+06 3.57512e+07 0 0 0 0.0695457 0 0 0
0.00523299 1.35837e+06 1.35837e+06 1.94355e+06 1.94359e+06 2.72198e+07 0 0 0 0.0799807 0 0 0
0.00604296 1.82989e+06 1.82989e+06 2.38464e+06 2.38469e+06 2.07034e+07 0 0 0 0.0919224 0 0 0
0.00697831 2.39741e+06 2.39741e+06 2.91572e+06 2.91577e+06 1.57319e+07 0 0 0 0.105568 0 0 0
0.00805842 3.00272e+06 3.00272e+06 3.47013e+06 3.47018e+06 1.19434e+07 0 0 0 0.121135 0 0 0
0.00930572 3.46524e+06 3.46524e+06 3.85634e+06 3.85639e+06 9.05954e+06 0 0 0 0.138859 0 0 0
0.0107461 3.60784e+06 3.60784e+06 3.90459e+06 3.90463e+06 6.86648e+06 0 0 0 0.158991 0 0 0
0.0124094 3.41418e+06 3.41418e+06 3.6196e+06 3.61963e+06 5.20036e+06 0 0 0 0.181797 0 0 0
0.0143301 2.99969e+06 2.99969e+06 3.13207e+06 3.13209e+06 3.93572e+06 0 0 0 0.207548 0 0 0
0.0165482 2.50064e+06 2.50064e+06 2.58174e+06 2.58176e+06 2.97662e+06 0 0 0 0.236516 0 0 0
0.0191095 2.01218e+06 2.01218e+06 2.06022e+06 2.06024e+06 2.24984e+06 0 0 0 0.268956 0 0 0
0.0220673 1.582e+06 1.582e+06 1.60984e+06 1.60984e+06 1.69951e+06 0 0 0 0.30509 0 0 0
0.025483 1.22521e+06 1.22521e+06 1.2411e+06 1.24111e+06 1.28308e+06 0 0 0 0.345082 0 0 0
0.0294273 939679 939679 948674 948678 968195 0 0 0 0.389002 0 0 0
0.0339821 716137 716137 721198 721200 730233 0 0 0 0.436784 0 0 0
0.0392419 543505 543505 546341 546342 550509 0 0 0 0.48817 0 0 0
0.0453158 411341 411341 412926 412927 414845 0 0 0 0.54264 0 0 0
0.0523299 310725 310725 311610 311610 312491 0 0 0 0.599334 0 0 0
0.0604296 234408 234408 234901 234902 235306 0 0 0 0.656961 0 0 0
0.0697831 176666 176666 176941 176941 177126 0 0 0 0.713705 0 0 0
0.0805842 133052 133052 133205 133205 133290 0 0 0 0.767148 0 0 0
0.0930572 100150 100150 100235 100236 100274 0 0 0 0.814221 0 0 0
0.107461 75351.8 75351.8 75399.2 75399.3 75417 0 0 0 0.851225 0 0 0
0.124094 56673.7 56673.7 56700 56700.1 56708.2 0 0 0 0.873966 0 0 0
0.143301 42613 42613 42627.7 42627.7 42631.4 0 0 0 0.878067 0 0 0
0.165482 32032.9 32032.9 32041.1 32041.1 32042.8 0 0 0 0.859499 0 0 0
0.191095 24074.7 24074.7 24079.3 24079.3 24080.1 0 0 0 0.815367 0 0 0
0.220673 18090.5 18090.5 18093.1 18093.1 18093.4 0 0 0 0.744886 0 0 0
0.25483 13591.9 13591.9 13593.3 13593.3 13593.5 0 0 0 0.650362 0 0 0
0.294273 10210.7 10210.7 10211.5 10211.5 10211.6 0 0 0 0.537831 0 0 0
0.339821 7669.95 7669.95 7670.41 7670.41 7670.47 0 0 0 0.416861 0 0 0
0.392419 5761.06 5761.06 5761.33 5761.33 5761.36 0 0 0 0.299162 0 0 0
0.453158 4327.08 4327.08 4327.23 4327.23 4327.25 0 0 0 0.196041 0 0 0
0.523299 3249.97 3249.97 3250.06 3250.06 3250.07 0 0 0 0.115467 0 0 0
0.604296 2440.99 2440.99 2441.05 2441.05 2441.06 0 0 0 0.0600455 0 0 0
0.697831 1833.45 1833.45 1833.49 1833.49 1833.49 0 0 0 0.0270177 0 0 0
0.805842 1377.2 1377.2 1377.22 1377.22 1377.22 0 0 0 0.0102799 0 0 0
0.930572 1034.57 1034.57 1034.59 1034.59 1034.59 0 0 0 0.00322186 0 0 0
1.07461 777.268 777.268 777.283 777.283 777.283 0 0 0 0.000807067 0 0 0
1.24094 584.04 584.04 584.052 584.052 584.052 0 0 0 0.000156069 0 0 0
1.43301 438.922 438.922 438.932 438.932 438.932 0 0 0 2.23835e-05 0 0 0
1.65482 329.927 329.927 329.935 329.935 329.935 0 0 0 2.27327e-06 0 0 0
1.91095 248.054 248.054 248.061 248.061 248.061 0 0 0 1.54983e-07 0 0 0
2.20673 186.864 186.864 186.869 186.869 186.869 0 0 0 6.66861e-09 53095.1 0 0
2.5483 140.922 140.922 140.927 140.927 140.927 0 0 0 1.68643e-10 48531.9 0 0
2.94273 106.418 106.418 106.422 106.422 106.422 0 0 0 2.30865e-12 43095.7 0 0
3.39821 80.485 80.485 80.4886 80.4886 80.4886 0 0 0 1.55577e-14 36436.9 0 0
3.92419 60.9749 60.9749 60.9781 60.9781 60.9781 0 0 0 4.62477e-17 28907.1 0 0
4.53158 46.2803 46.2803 46.2831 46.2831 46.2831 0 0 0 5.34288e-20 21756.9 0 0
5.23299 35.2017 35.2017 35.2041 35.2041 35.2041 0 0 0 2.07238e-23 16112.3 0 0
6.04296 26.8381 26.8381 26.8402 26.8402 26.8402 0 0 0 2.27933e-27 11692 0 0
6.97831 20.5125 20.5125 20.5143 20.5143 20.5143 0 0 0 5.84879e-32 8466 0 0
8.05842 15.7141 15.7141 15.7157 15.7157 15.7157 0 0 0 2.79521e-37 6268.12 0 0
9.30572 12.0546 12.0546 12.0561 12.0561 12.0561 0 0 0 1.91811e-43 4739.76 0 0
10.7461 9.26908 9.26908 9.27038 9.27038 9.27038 0 0 0 1.39953e-50 3885.55 0 0
12.4094 7.13617 7.13617 7.13732 7.13732 7.13732 0 0 0 7.67499e-59 3216.58 0 0
14.3301 5.50479 5.50479 5.50582 5.50582 5.50582 0 0 0 2.11928e-68 2340.46 0 0
16.5482 4.24821 4.24821 4.24913 4.24913 4.24913 0 0 0 1.85526e-79 1475.8 0 0
19.1095 3.28378 3.28378 3.2846 3.2846 3.2846 0 0 0 3.01808e-92 907.321 0 0
22.0673 2.53907 2.53907 2.5398 2.5398 2.5398 0 0 0 4.92324e-107 557.822 0 0
25.483 1.96654 1.96654 1.96719 1.96719 1.96719 0 0 0 3.94992e-124 339.434 0 0
29.4273 1.52331 1.52331 1.5239 1.5239 1.5239 0 0 0 6.84665e-144 204.271 0 0
33.9821 1.1818 1.1818 1.18233 1.18233 1.18233 0 0 0 9.91643e-167 122.93 0 0
39.2419 0.916616 0.916616 0.917084 0.917084 0.917084 0 0 0 4.00683e-193 73.9795 0 0
45.3158 0.711718 0.711718 0.712138 0.712138 0.712138 0 0 0 1.27248e-223 43.2575 0 0
52.3299 0.552182 0.552182 0.552558 0.552558 0.552558 0 0 0 7.35512e-259 24.1932 0 0
60.4296 0.428837 0.428837 0.429175 0.429175 0.429175 0 0 0 1.42877e-299 13.2108 0 0
69.7831 0.332785 0.332785 0.333088 0.333088 0.333088 0 0 0 0 7.98875 0 0
80.5842 0.258543 0.258543 0.258814 0.258814 0.258814 0 0 0 0 6.04332 0 0
93.0572 0.200702 0.200702 0.200945 0.200945 0.200945 0 0 0 0 4.57161 0 0
107.461 0.155982 0.155982 0.156201 0.156201 0.156201 0 0 0 0 3.45827 0 0
124.094 0.121119 0.121119 0.121315 0.121315 0.121315 0 0 0 0 2.61605 0 0
143.301 0.0941556 0.0941556 0.0943314 0.0943314 0.0943314 0 0 0 0 1.97892 0 0
165.482 0.0731219 0.0731219 0.0732796 0.0732796 0.0732796 0 0 0 0 1.49694 0 0
191.095 0.0568494 0.0568494 0.056991 0.056991 0.056991 0 0 0 0 1.13234 0 0
220.673 0.0441502 0.0441502 0.0442772 0.0442772 0.0442772 0 0 0 0 0.856524 0 0
254.83 0.0343232 0.0343232 0.0344372 0.0344372 0.0344372 0 0 0 0 0.647882 0 0
294.273 0.0266514 0.0266514 0.0267537 0.0267537 0.0267537 0 0 0 0 0.490052 0 0
339.821 0.0207133 0.0207133 0.0208051 0.0208051 0.0208051 0 0 0 0 0.370663 0 0
392.419 0.0160769 0.0160769 0.0161593 0.0161593 0.0161593 0 0 0 0 0.280351 0 0
453.158 0.0124882 0.0124882 0.0125621 0.0125621 0.0125621 0 0 0 0 0.212038 0 0
523.299 0.00968667 0.00968667 0.00975289 0.00975289 0.00975289 0 0 0 0 0.160364 0 0
604.296 0.00751859 0.00751859 0.00757797 0.00757797 0.00757797 0 0 0 0 0.121278 0 0
697.831 0.00582678 0.00582678 0.00587995 0.00587995 0.00587995 0 0 0 0 0.0917136 0 0
805.842 0.00451799 0.00451799 0.00456563 0.00456563 0.00456563 0 0 0 0 0.0693524 0 0
930.572 0.00349738 0.00349738 0.00354001 0.00354001 0.00354001 0 0 0 0 0.0524397 0 0
1074.61 0.00270829 0.00270829 0.00274644 0.00274644 0.00274644 0 0 0 0 0.0396483 0 0
1240.94 0.0020935 0.0020935 0.00212759 0.00212759 0.00212759 0 0 0 0 0.0299744 0 0
1433.01 0.00161852 0.00161852 0.001649 0.001649 0.001649 0 0 0 0 0.0226585 0 0
1654.82 0.00124889 0.00124889 0.00127609 0.00127609 0.00127609 0 0 0 0 0.0171262 0 0
1910.95 0.000963609 0.000963609 0.000987882 0.000987882 0.000987882 0 0 0 0 0.0129429 0 0
2206.73 0.000741914 0.000741914 0.000763537 0.000763537 0.000763537 0 0 0 0 0.00977978 0 0
2548.3 0.000571024 0.000571024 0.000590286 0.000590286 0.000590286 0 0 0 0 0.00738833 0 0
2942.73 0.000438457 0.000438457 0.00045558 0.00045558 0.00045558 0 0 0 0 0.00558049 0 0
3398.21 0.000336435 0.000336435 0.000351653 0.000351653 0.000351653 0 0 0 0 0.00421396 0 0
3924.19 0.000257462 0.000257462 0.000270957 0.000270957 0.000270957 0 0 0 0 0.00318115 0 0
4531.58 0.00019681 0.00019681 0.00020877 0.00020877 0.00020877 0 0 0 0 0.00240066 0 0
5232.99 0.000150456 0.000150456 0.000160609 0.000160609 0.000160609 0 0 0 0 0.00181096 0 0
6042.96 0.000114592 0.000114592 0.000123507 0.000123507 0.000123507 0 0 0 0 0.00136551 0 0
6978.31 8.69937e-05 8.69937e-05 9.47945e-05 9.47945e-05 9.47945e-05 0 0 0 0 0.00102909 0 0
8058.42 6.59226e-05 6.59226e-05 7.27338e-05 7.27338e-05 7.27338e-05 0 0 0 0 0.000775092 0 0
9305.72 4.97723e-05 4.97723e-05 5.56955e-05 5.56955e-05 5.56955e-05 0 0 0 0 0.000583365 0 0
10746.1 3.74924e-05 3.74924e-05 4.2629e-05 4.2629e-05 4.2629e-05 0 0 0 0 0.000438683 0 0
12409.4 2.81264e-05 2.81264e-05 3.256e-05 3.256e-05 3.256e-05 0 0 0 0 0.000329592 0 0
14330.1 2.10413e-05 2.10413e-05 2.48548e-05 2.48548e-05 2.48548e-05 0 0 0 0 0.000247357 0 0
16548.2 1.56696e-05 1.56696e-05 1.89322e-05 1.89322e-05 1.89322e-05 0 0 0 0 0.000185398 0 0
19109.5 1.16315e-05 1.16315e-05 1.4411e-05 1.4411e-05 1.4411e-05 0 0 0 0 0.000138748 0 0
22067.3 8.5918e-06 8.5918e-06 1.09453e-05 1.09453e-05 1.09453e-05 0 0 0 0 0.000103654 0 0
25483 6.32394e-06 6.32394e-06 8.30684e-06 8.30684e-06 8.30684e-06 0 0 0 0 7.72778e-05 0 0
29427.3 4.63113e-06 4.63113e-06 6.29042e-06 6.29042e-06 6.29042e-06 0 0 0 0 5.74761e-05 0 0
33982.1 3.37915e-06 3.37915e-06 4.75974e-06 4.75974e-06 4.75974e-06 0 0 0 0 4.26253e-05 0 0
39241.9 2.45347e-06 2.45347e-06 3.59367e-06 3.59367e-06 3.59367e-06 0 0 0 0 3.15069e-05 0 0
45315.8 1.77545e-06 1.77545e-06 2.71124e-06 2.71124e-06 2.71124e-06 0 0 0 0 2.31986e-05 0 0
52329.9 1.27919e-06 1.27919e-06 2.04122e-06 2.04122e-06 2.04122e-06 0 0 0 0 1.70039e-05 0 0
60429.6 9.19313e-07 9.19313e-07 1.53579e-06 1.53579e-06 1.53579e-06 0 0 0 0 1.23971e-05 0 0
69783.1 6.58509e-07 6.58509e-07 1.15327e-06 1.15327e-06 1.15327e-06 0 0 0 0 8.98042e-06 0 0
80584.2 4.71133e-07 4.71133e-07 8.65633e-07 8.65633e-07 8.65633e-07 0 0 0 0 6.4576e-06 0 0
93057.2 3.36493e-07 3.36493e-07 6.48623e-07 6.48623e-07 6.48623e-07 0 0 0 0 4.60358e-06 0 0
107461 2.40459e-07 2.40459e-07 4.85901e-07 4.85901e-07 4.85901e-07 0 0 0 0 3.24888e-06 0 0
124094 1.71852e-07 1.71852e-07 3.63472e-07 3.63472e-07 3.63472e-07 0 0 0 0 2.26563e-06 0 0
143301 1.23115e-07 1.23115e-07 2.71898e-07 2.71898e-07 2.71898e-07 0 0 0 0 1.5578e-06 0 0
165482 8.83702e-08 8.83702e-08 2.03155e-07 2.03155e-07 2.03155e-07 0 0 0 0 1.0539e-06 0 0
191095 6.3688e-08 6.3688e-08 1.51835e-07 1.51835e-07 1.51835e-07 0 0 0 0 6.9968e-07 0 0
220673 4.60546e-08 4.60546e-08 1.13374e-07 1.13374e-07 1.13374e-07 0 0 0 0 4.5446e-07 0 0
254830 3.34786e-08 3.34786e-08 8.46988e-08 8.46988e-08 8.46988e-08 0 0 0 0 2.8765e-07 0 0
294273 2.44418e-08 2.44418e-08 6.3231e-08 6.3231e-08 6.3231e-08 0 0 0 0 1.767e-07 0 0
339821 1.79504e-08 1.79504e-08 4.72382e-08 4.72382e-08 4.72382e-08 0 0 0 0 1.04887e-07 0 0
392419 1.3246e-08 1.3246e-08 3.52709e-08 3.52709e-08 3.52709e-08 0 0 0 0 5.98419e-08 0 0
453158 9.83522e-09 9.83522e-09 2.63577e-08 2.63577e-08 2.63577e-08 0 0 0 0 3.26164e-08 0 0
523299 7.33808e-09 7.33808e-09 1.96874e-08 1.96874e-08 1.96874e-08 3.82819e-18 5.78252e-16 2.9674e-16 0 1.68405e-08 0 0
604296 5.50835e-09 5.50835e-09 1.47174e-08 1.47174e-08 1.47174e-08 4.63458e-18 5.84217e-16 2.96841e-16 0 8.17601e-09 0 0
697831 4.15349e-09 4.15349e-09 1.09954e-08 1.09954e-08 1.09954e-08 5.44097e-18 5.90181e-16 2.96943e-16 0 3.69842e-09 0 0
805842 3.14916e-09 3.14916e-09 8.21938e-09 8.21938e-09 8.21938e-09 6.24737e-18 5.96145e-16 2.97044e-16 0 1.54202e-09 0 0
930572 2.39634e-09 2.39634e-09 6.13766e-09 6.13766e-09 6.13766e-09 7.05376e-18 6.02109e-16 2.97145e-16 0 5.85106e-10 0 0
1.07461e+06 1.83132e-09 1.83132e-09 4.58275e-09 4.58275e-09 4.58275e-09 7.94201e-18 6.082e-16 2.97238e-16 0 1.98601e-10 0 0
1.24094e+06 1.40232e-09 1.40232e-09 3.41495e-09 3.41495e-09 3.41495e-09 9.15638e-18 6.1372e-16 2.97233e-16 0 5.94392e-11 0 0
1.43301e+06 1.07617e-09 1.07617e-09 2.5415e-09 2.5415e-09 2.5415e-09 1.05198e-17 6.19868e-16 2.97226e-16 0 1.53873e-11 0 0
1.65482e+06 8.25407e-10 8.25407e-10 1.88494e-09 1.88494e-09 1.88494e-09 1.20461e-17 6.26704e-16 2.97217e-16 0 3.37008e-12 0 0
1.91095e+06 6.3264e-10 6.3264e-10 1.39387e-09 1.39387e-09 1.39387e-09 1.3779e-17 6.34414e-16 2.97204e-16 0 6.0744e-13 0 0
2.20673e+06 4.83126e-10 4.83126e-10 1.02527e-09 1.02527e-09 1.02527e-09 1.57138e-17 6.43023e-16 2.97188e-16 0 8.7232e-14 0 0
2.5483e+06 3.67535e-10 3.67535e-10 7.50439e-10 7.50439e-10 7.50439e-10 1.78638e-17 6.52579e-16 2.97166e-16 0 9.67723e-15 0 0
2.94273e+06 2.77723e-10 2.77723e-10 5.45294e-10 5.45294e-10 5.45294e-10 2.02488e-17 6.63167e-16 2.97138e-16 0 7.973e-16 0 0
3.39821e+06 2.08452e-10 2.08452e-10 3.9356e-10 3.9356e-10 3.9356e-10 2.29316e-17 6.75009e-16 2.97099e-16 0 4.66221e-17 0 0
3.92419e+06 1.55014e-10 1.55014e-10 2.81541e-10 2.81541e-10 2.81541e-10 2.5908e-17 6.88098e-16 2.97047e-16 0 1.8224e-18 0 0
4.53158e+06 1.14267e-10 1.14267e-10 1.99808e-10 1.99808e-10 1.99808e-10 2.92022e-17 7.0244e-16 2.96979e-16 0 4.482e-20 0 0
5.23299e+06 8.33298e-11 8.33298e-11 1.40448e-10 1.40448e-10 1.40448e-10 3.28361e-17 7.18053e-16 2.96889e-16 0 6.49229e-22 0 0
6.04296e+06 6.01865e-11 6.01865e-11 9.79178e-11 9.79178e-11 9.79178e-11 3.68962e-17 7.35027e-16 2.96769e-16 0 5.10902e-24 0 0
6.97831e+06 4.29966e-11 4.29966e-11 6.76341e-11 6.76341e-11 6.76341e-11 4.13646e-17 7.53153e-16 2.96607e-16 0 1.9902e-26 0 0
8.05842e+06 3.0433e-11 3.0433e-11 4.63702e-11 4.63702e-11 4.63702e-11 4.6257e-17 7.72134e-16 2.96394e-16 0 0 0 0
9.30572e+06 2.13236e-11 2.13236e-11 3.15328e-11 3.15328e-11 3.15328e-11 5.15934e-17 7.91646e-16 2.96116e-16 0 0 0 0
1.07461e+07 1.48208e-11 1.48208e-11 2.13136e-11 2.13136e-11 2.13136e-11 5.74376e-17 8.11084e-16 2.95742e-16 0 0 0 0
1.24094e+07 1.02121e-11 1.02121e-11 1.4311e-11 1.4311e-11 1.4311e-11 6.37211e-17 8.29648e-16 9.75598e-15 0 0 0 0
1.43301e+07 6.99081e-12 6.99081e-12 9.56629e-12 9.56629e-12 9.56629e-12 7.0399e-17 8.46707e-16 9.38222e-15 0 0 0 0
1.65482e+07 4.75177e-12 4.75177e-12 6.36217e-12 6.36217e-12 6.36217e-12 7.73955e-17 8.61571e-16 8.99915e-15 0 0 0 0
1.91095e+07 3.21372e-12 3.21372e-12 4.21835e-12 4.21835e-12 4.21835e-12 8.46129e-17 8.73386e-16 8.59866e-15 0 0 0 0
2.20673e+07 2.16119e-12 2.16119e-12 2.78633e-12 2.78633e-12 2.78633e-12 9.17686e-17 8.82034e-16 8.18113e-15 0 0 0 0
2.5483e+07 1.44795e-12 1.44795e-12 1.83688e-12 1.83688e-12 1.83688e-12 9.87558e-17 8.86809e-16 7.78067e-15 0 0 0 0
2.94273e+07 9.65713e-13 9.65713e-13 1.20755e-12 1.20755e-12 1.20755e-12 1.05337e-16 8.86083e-16 7.35781e-15 0 0 0 0
3.39821e+07 6.4231e-13 6.4231e-13 7.92926e-13 7.92926e-13 7.92926e-13 1.11266e-16 8.7884e-16 6.94453e-15 0 0 0 0
3.92419e+07 4.25655e-13 4.25655e-13 5.19553e-13 5.19553e-13 5.19553e-13 1.16142e-16 8.64597e-16 6.54345e-15 0 0 0 0
4.53158e+07 2.81502e-13 2.81502e-13 3.4021e-13 3.4021e-13 3.4021e-13 1.19623e-16 8.44352e-16 6.12526e-15 0 0 0 0
5.23299e+07 1.85612e-13 1.85612e-13 2.22397e-13 2.22397e-13 2.22397e-13 1.21718e-16 8.18503e-16 5.74059e-15 0 0 0 0
6.04296e+07 1.22196e-13 1.22196e-13 1.45332e-13 1.45332e-13 1.45332e-13 1.22888e-16 7.85506e-16 5.35129e-15 0 0 0 0
6.97831e+07 8.02464e-14 8.02464e-14 9.4839e-14 9.4839e-14 9.4839e-14 1.23101e-16 7.45e-16 4.96068e-15 0 0 0 0
8.05842e+07 5.26346e-14 5.26346e-14 6.18772e-14 6.18772e-14 6.18772e-14 1.22424e-16 6.97687e-16 4.60829e-15 0 0 0 0
9.30572e+07 3.4451e-14 3.4451e-14 4.03238e-14 4.03238e-14 4.03238e-14 1.20883e-16 6.44467e-16 4.24362e-15 0 0 0 0
1.07461e+08 2.25275e-14 2.25275e-14 2.62748e-14 2.62748e-14 2.62748e-14 1.18357e-16 5.87873e-16 3.90114e-15 0 0 23.4652 0
1.24094e+08 1.47046e-14 1.47046e-14 1.71032e-14 1.71032e-14 1.71032e-14 1.14001e-16 5.3178e-16 3.5807e-15 0 0 20.6146 0
1.43301e+08 9.58945e-15 9.58945e-15 1.11306e-14 1.11306e-14 1.11306e-14 1.0862e-16 4.78557e-16 3.25685e-15 0 0 18.1103 0
1.65482e+08 6.2438e-15 6.2438e-15 7.23677e-15 7.23677e-15 7.23677e-15 1.02416e-16 4.28969e-16 2.97483e-15 0 0 15.9102 0
1.91095e+08 4.06144e-15 4.06144e-15 4.7032e-15 4.7032e-15 4.7032e-15 9.55755e-17 3.83427e-16 2.69777e-15 0 0 13.9774 0
2.20673e+08 2.6384e-15 2.6384e-15 3.05418e-15 3.05418e-15 3.05418e-15 8.8492e-17 3.42168e-16 2.42963e-15 0 0 12.2793 0
2.5483e+08 1.71204e-15 1.71204e-15 1.98202e-15 1.98202e-15 1.98202e-15 8.13034e-17 3.04668e-16 2.20018e-15 0 0 10.7876 0
2.94273e+08 1.10988e-15 1.10988e-15 1.28556e-15 1.28556e-15 1.28556e-15 7.41685e-17 2.70729e-16 1.96981e-15 0 0 9.47709 0
3.39821e+08 7.18549e-16 7.18549e-16 8.33014e-16 8.33014e-16 8.33014e-16 6.72529e-17 2.40252e-16 1.76264e-15 0 0 8.6931 0
3.92419e+08 4.65001e-16 4.65001e-16 5.39728e-16 5.39728e-16 5.39728e-16 6.07676e-17 2.13144e-16 1.57537e-15 0 0 8.32578 0
4.53158e+08 3.00421e-16 3.00421e-16 3.49226e-16 3.49226e-16 3.49226e-16 5.47048e-17 1.88762e-16 1.39011e-15 0 0 7.97398 0
5.23299e+08 1.94106e-16 1.94106e-16 2.26039e-16 2.26039e-16 2.26039e-16 4.90807e-17 1.66857e-16 1.23633e-15 0 0 7.63704 0
6.04296e+08 1.2511e-16 1.2511e-16 1.45986e-16 1.45986e-16 1.45986e-16 4.3912e-17 1.47269e-16 1.08826e-15 0 0 7.31434 0
6.97831e+08 8.06785e-17 8.06785e-17 9.43502e-17 9.43502e-17 9.43502e-17 3.92451e-17 1.29931e-16 9.48714e-16 0 0 7.00527 0
8.05842e+08 5.18586e-17 5.18586e-17 6.07929e-17 6.07929e-17 6.07929e-17 3.49901e-17 1.14373e-16 8.34542e-16 0 0 6.70926 0
9.30572e+08 3.3339e-17 3.3339e-17 3.91837e-17 3.91837e-17 3.91837e-17 3.11208e-17 1.00425e-16 7.22025e-16 0 0 6.42577 0
1.07461e+09 2.13693e-17 2.13693e-17 2.51843e-17 2.51843e-17 2.51843e-17 2.76147e-17 8.79791e-17 6.24844e-16 0 0 6.44893 0
1.24094e+09 1.36929e-17 1.36929e-17 1.61837e-17 1.61837e-17 1.61837e-17 2.44921e-17 7.70205e-17 5.40093e-16 0 0 6.78207 0
1.43301e+09 8.75079e-18 8.75079e-18 1.03735e-17 1.03735e-17 1.03735e-17 2.16701e-17 6.72355e-17 4.5842e-16 0 0 7.13243 0
1.65482e+09 5.58593e-18 5.58593e-18 6.64223e-18 6.64223e-18 6.64223e-18 1.91221e-17 5.8519e-17 3.9519e-16 0 0 7.50088 0
1.91095e+09 3.55961e-18 3.55961e-18 4.24621e-18 4.24621e-18 4.24621e-18 1.68268e-17 5.07958e-17 3.36742e-16 0 0 7.88837 0
2.20673e+09 2.26246e-18 2.26246e-18 2.70768e-18 2.70768e-18 2.70768e-18 1.47932e-17 4.40615e-17 2.84796e-16 0 0 8.29588 0
2.5483e+09 1.4376e-18 1.4376e-18 1.72625e-18 1.72625e-18 1.72625e-18 1.29644e-17 3.81021e-17 2.4649e-16 0 0 8.72444 0
2.94273e+09 9.09165e-19 9.09165e-19 1.09543e-18 1.09543e-18 1.09543e-18 1.13239e-17 3.28445e-17 2.10389e-16 0 0 9.17513 0
3.39821e+09 5.74699e-19 5.74699e-19 6.94843e-19 6.94843e-19 6.94843e-19 9.86061e-18 2.8228e-17 1.81942e-16 0 0 9.64911 0
3.92419e+09 3.6167e-19 3.6167e-19 4.38817e-19 4.38817e-19 4.38817e-19 8.57808e-18 2.4253e-17 1.58435e-16 0 0 10.1476 0
4.53158e+09 2.27003e-19 2.27003e-19 2.76405e-19 2.76405e-19 2.76405e-19 7.43686e-18 2.07716e-17 1.36616e-16 0 0 10.6718 0
5.23299e+09 1.40761e-19 1.40761e-19 1.72011e-19 1.72011e-19 1.72011e-19 6.4238e-18 1.77316e-17 1.20138e-16 0 0 11.2231 0
6.04296e+09 8.49594e-20 8.49594e-20 1.04199e-19 1.04199e-19 1.04199e-19 5.53257e-18 1.50862e-17 1.04597e-16 0 0 11.8029 0
6.97831e+09 4.95519e-20 4.95519e-20 6.09963e-20 6.09963e-20 6.09963e-20 4.76294e-18 1.28382e-17 9.03582e-17 0 0 12.4126 0
8.05842e+09 2.76364e-20 2.76364e-20 3.4145e-20 3.4145e-20 3.4145e-20 4.08709e-18 1.08886e-17 7.86658e-17 0 0 13.0538 0
9.30572e+09 1.48584e-20 1.48584e-20 1.8426e-20 1.8426e-20 1.8426e-20 3.49479e-18 9.20271e-18 6.70916e-17 0 0 13.7282 0
1.07461e+10 7.77044e-21 7.77044e-21 9.67222e-21 9.67222e-21 9.67222e-21 2.97937e-18 7.74695e-18 5.68999e-17 0 0 15.4033 0
1.24094e+10 3.97032e-21 3.97032e-21 4.96062e-21 4.96062e-21 4.96062e-21 2.54025e-18 6.52705e-18 4.78484e-17 0 0 18.439 0
1.43301e+10 2.00764e-21 2.00764e-21 2.51788e-21 2.51788e-21 2.51788e-21 2.15835e-18 5.47965e-18 3.90216e-17 0 0 22.0731 0
1.65482e+10 1.00923e-21 1.00923e-21 1.27052e-21 1.27052e-21 1.27052e-21 1.82725e-18 4.58302e-18 3.20811e-17 0 0 26.4233 0
1.91095e+10 5.0587e-22 5.0587e-22 6.39264e-22 6.39264e-22 6.39264e-22 1.54097e-18 3.81481e-18 2.56674e-17 0 0 31.631 0
2.20673e+10 2.56316e-22 2.56316e-22 3.25141e-22 3.25141e-22 3.25141e-22 1.30054e-18 3.18067e-18 1.99699e-17 0 0 37.865 34.7254
2.5483e+10 1.33088e-22 1.33088e-22 1.69471e-22 1.69471e-22 1.69471e-22 1.09378e-18 2.64192e-18 1.5827e-17 0 0 45.3276 22.9578
2.94273e+10 7.15707e-23 7.15708e-23 9.14857e-23 9.14857e-23 9.14857e-23 9.1663e-19 2.18567e-18 1.19802e-17 0 0 54.261 15.5417
3.39821e+10 4.01452e-23 4.01453e-23 5.15131e-23 5.15131e-23 5.15131e-23 7.64723e-19 1.79787e-18 9.0875e-18 0 0 64.955 10.7604
3.92419e+10 2.34618e-23 2.34619e-23 3.02215e-23 3.02215e-23 3.02215e-23 6.3903e-19 1.48288e-18 6.85547e-18 0 0 77.7566 7.61059
4.53158e+10 1.40948e-23 1.40948e-23 1.82257e-23 1.82257e-23 1.82257e-23 5.32052e-19 1.21818e-18 4.90309e-18 0 0 93.0813 5.49245
5.23299e+10 8.66862e-24 8.66868e-24 1.12526e-23 1.12526e-23 1.12526e-23 4.41297e-19 9.9647e-19 3.6655e-18 0 0 111.426 4.04008
6.04296e+10 5.43617e-24 5.43624e-24 7.08391e-24 7.08391e-24 7.08391e-24 3.64046e-19 8.09533e-19 2.61317e-18 0 0 133.387 3.02568
6.97831e+10 3.48435e-24 3.48443e-24 4.55809e-24 4.55809e-24 4.55809e-24 3.01063e-19 6.60243e-19 1.8003e-18 0 0 159.675 2.3047
8.05842e+10 2.26454e-24 2.26461e-24 2.97389e-24 2.97389e-24 2.97389e-24 2.4799e-19 5.36202e-19 1.30073e-18 0 0 191.145 1.78376
9.30572e+10 1.49086e-24 1.49093e-24 1.96548e-24 1.96548e-24 1.96548e-24 2.03419e-19 4.33483e-19 8.7155e-19 0 0 228.817 1.40144
1.07461e+11 9.95197e-25 9.95263e-25 1.31714e-24 1.31714e-24 1.31714e-24 1.65748e-19 3.47558e-19 5.96872e-19 0 0 273.913 1.11671
1.24094e+11 6.80748e-25 6.80811e-25 9.0449e-25 9.0449e-25 9.0449e-25 1.35539e-19 2.80172e-19 4.08145e-19 0 0 327.897 0.901709
1.43301e+11 4.75384e-25 4.75444e-25 6.34106e-25 6.34106e-25 6.34106e-25 1.10366e-19 2.24807e-19 2.60834e-19 0 0 392.521 0.737233
1.65482e+11 3.43394e-25 3.43452e-25 4.59873e-25 4.59873e-25 4.59873e-25 8.94572e-20 1.79536e-19 1.82695e-19 0 0 469.88 0.609868
1.91095e+11 2.55182e-25 2.5524e-25 3.43285e-25 3.43285e-25 3.43285e-25 7.19415e-20 1.4196e-19 1.20928e-19 0 0 562.487 0.510106
2.20673e+11 1.95543e-25 1.95602e-25 2.65239e-25 2.65239e-25 2.65239e-25 5.81542e-20 1.13027e-19 7.97355e-20 0 0 673.345 0.431129
2.5483e+11 1.49996e-25 1.50055e-25 2.09296e-25 2.09296e-25 2.09296e-25 4.6804e-20 8.95808e-20 5.66796e-20 0 0 806.051 0.367983
2.94273e+11 1.07701e-25 1.07756e-25 1.67885e-25 1.67885e-25 1.67885e-25 3.74924e-20 7.06044e-20 3.84161e-20 0 0 964.911 0.317029
3.39821e+11 5.95448e-26 5.95837e-26 1.35757e-25 1.35757e-25 1.35757e-25 2.97505e-20 5.50031e-20 2.72422e-20 0 0 0 0.275565
3.92419e+11 1.64288e-26 1.64423e-26 1.12125e-25 1.12125e-25 1.12125e-25 2.37723e-20 4.32381e-20 1.97122e-20 0 0 0 0.241562
4.53158e+11 9.35104e-28 9.36069e-28 9.32876e-26 9.32876e-26 9.32876e-26 1.89074e-20 3.37763e-20 1.41052e-20 0 0 0 0.213483
5.23299e+11 2.70614e-30 2.70957e-30 7.80353e-26 7.80353e-26 7.80353e-26 1.49705e-20 2.62706e-20 1.05994e-20 0 0 0 0.190154
6.04296e+11 6.06462e-35 6.07391e-35 6.5106e-26 6.5106e-26 6.5106e-26 1.17226e-20 2.01258e-20 7.79684e-21 0 0 0 0.170669
6.97831e+11 1.33693e-42 1.33936e-42 5.51651e-26 5.51651e-26 5.51651e-26 9.25879e-21 1.55662e-20 5.83824e-21 0 0 0 0.154323
8.05842e+11 4.47219e-54 4.4816e-54 4.68366e-26 4.68366e-26 4.68366e-26 7.28394e-21 1.19934e-20 4.44138e-21 0 0 0 0.140565
9.30572e+11 7.06431e-70 7.08117e-70 3.97441e-26 3.97441e-26 3.97441e-26 5.69887e-21 9.15585e-21 3.33906e-21 0 0 0 0.12896
1.07461e+12 4.59158e-90 4.60377e-90 3.34529e-26 3.34529e-26 3.34529e-26 4.4037e-21 6.87543e-21 2.49405e-21 0 0 0 0.119166
1.24094e+12 3.50756e-114 3.51771e-114 2.85765e-26 2.85765e-26 2.85765e-26 3.44097e-21 5.22839e-21 1.8898e-21 0 0 0 0.110908
1.43301e+12 2.44632e-141 2.45391e-141 2.43211e-26 2.43211e-26 2.43211e-26 2.67028e-21 3.9241e-21 1.41544e-21 0 0 0 0.103969
1.65482e+12 2.61157e-170 2.62014e-170 2.06995e-26 2.06995e-26 2.06995e-26 2.06679e-21 2.94025e-21 1.06395e-21 0 0 0 0.098177
1.91095e+12 1.01214e-199 1.0156e-199 1.73692e-26 1.73692e-26 1.73692e-26 1.57313e-21 2.14588e-21 7.79768e-22 0 0 0 0.0933933
2.20673e+12 3.46131e-228 3.47357e-228 1.47441e-26 1.47441e-26 1.47441e-26 1.20895e-21 1.57957e-21 5.76525e-22 0 0 0 0.0895108
2.5483e+12 1.76194e-254 1.76834e-254 1.2523e-26 1.2523e-26 1.2523e-26 9.27686e-22 1.16184e-21 4.27117e-22 0 0 0 0.0864461
2.94273e+12 1.30992e-277 1.31479e-277 1.05307e-26 1.05307e-26 1.05307e-26 7.03634e-22 8.34874e-22 3.09749e-22 0 0 0 0.0841374
3.39821e+12 7.31231e-297 7.34015e-297 8.72061e-27 8.72061e-27 8.72061e-27 5.24868e-22 5.85862e-22 2.19551e-22 0 0 0 0.082541
3.92419e+12 8.36086e-312 8.3936e-312 7.33738e-27 7.33738e-27 7.33738e-27 3.97149e-22 4.17298e-22 1.58044e-22 0 0 0 0.08163
4.53158e+12 2.71736e-322 2.71736e-322 6.07403e-27 6.07403e-27 6.07403e-27 2.95293e-22 2.8735e-22 1.10381e-22 0 0 0 0.0813928
5.23299e+12 0 0 5.04149e-27 5.04149e-27 5.04149e-27 2.19901e-22 1.99787e-22 7.77244e-23 0 0 0 0.0818329
6.04296e+12 0 0 4.05526e-27 4.05526e-27 4.05526e-27 1.58548e-22 1.31266e-22 5.19829e-23 0 0 0 0.0829683
6.97831e+12 0 0 3.26403e-27 3.26403e-27 3.26403e-27 1.14274e-22 8.59802e-23 3.46829e-23 0 0 0 0.0848322
8.05842e+12 9.88131e-324 9.88131e-324 2.64631e-27 2.64631e-27 2.64631e-27 8.28677e-23 5.71109e-23 2.34601e-23 0 0 0 0.0874729
9.30572e+12 6.41811e-316 6.45067e-316 2.06603e-27 2.06603e-27 2.06603e-27 5.78098e-23 3.55604e-23 1.49545e-23 0 0 0 0.0909553
1.07461e+13 6.15757e-306 6.19073e-306 1.57487e-27 1.57487e-27 1.57487e-27 3.93411e-23 2.13366e-23 9.22889e-24 0 0 0 0.0953611
1.24094e+13 3.31972e-294 3.33898e-294 1.21123e-27 1.21123e-27 1.21123e-27 2.699e-23 1.30207e-23 5.76787e-24 0 0 0 0.10079
1.43301e+13 3.23603e-281 3.25673e-281 8.76624e-28 8.76624e-28 8.76624e-28 1.74113e-23 7.27932e-24 3.30245e-24 0 0 0 0.10736
1.65482e+13 2.39013e-267 2.40759e-267 6.51303e-28 6.51303e-28 6.51303e-28 1.1522e-23 4.28713e-24 1.99058e-24 0 0 0 0.115206
1.91095e+13 5.16609e-253 5.21127e-253 4.42607e-28 4.42607e-28 4.42607e-28 6.96942e-24 2.17278e-24 1.04644e-24 0 0 0 0.12448
2.20673e+13 1.68435e-238 1.70302e-238 2.88902e-28 2.88902e-28 2.88902e-28 4.04648e-24 1.09222e-24 5.39206e-25 0 0 0 0.135345
2.5483e+13 4.97391e-224 5.04779e-224 1.96278e-28 1.96278e-28 1.96278e-28 2.44391e-24 5.82503e-25 2.94513e-25 0 0 0 0.147968
2.94273e+13 6.88253e-210 7.02531e-210 1.15704e-28 1.15704e-28 1.15704e-28 1.27994e-24 2.62532e-25 1.35425e-25 0 0 0 0.162507
3.39821e+13 3.42157e-196 3.52194e-196 6.59327e-29 6.59327e-29 6.59327e-29 6.47636e-25 1.11221e-25 5.93649e-26 0 0 0 0.179093
3.92419e+13 4.69407e-183 4.88678e-183 3.69783e-29 3.69783e-29 3.69783e-29 3.22348e-25 4.86358e-26 2.63922e-26 0 0 0 0.197804
4.53158e+13 1.19341e-170 1.26034e-170 1.67767e-29 1.67767e-29 1.67767e-29 1.29722e-25 1.74363e-26 9.51022e-27 0 0 0 0.218621
5.23299e+13 7.34409e-159 7.88976e-159 9.19755e-30 9.19755e-30 9.19755e-30 6.30501e-26 7.59435e-27 4.20122e-27 0 0 0 0.241387
6.04296e+13 5.87517e-148 6.43476e-148 3.53796e-30 3.53796e-30 3.53796e-30 2.14916e-26 2.04041e-27 1.14854e-27 0 0 0 0.265741
6.97831e+13 8.15479e-138 9.11885e-138 1.31654e-30 1.31654e-30 1.31654e-30 7.08342e-27 5.9599e-28 3.2875e-28 0 0 0 0.291055
8.05842e+13 2.31216e-128 2.64251e-128 5.56294e-31 5.56294e-31 5.56294e-31 2.64984e-27 2.02442e-28 1.12527e-28 0 0 0 0.316368
9.30572e+13 7.76939e-120 9.10369e-120 1.50543e-31 1.50543e-31 1.50543e-31 6.34579e-28 4.26376e-29 2.29298e-29 0 0 0 0.340344
1.07461e+14 4.93708e-112 6.01658e-112 4.0004e-32 4.0004e-32 4.0004e-32 1.49164e-28 8.19055e-30 5.02452e-30 0 0 0 0
1.24094e+14 5.0035e-105 6.66819e-105 8.54013e-33 8.54013e-33 8.54013e-33 2.81565e-29 1.1779e-30 8.78434e-31 0 0 0 0
1.43301e+14 5.84075e-99 9.77179e-99 1.06958e-33 1.06958e-33 1.06958e-33 3.11686e-30 8.82417e-32 6.45933e-32 0 0 0 0
1.65482e+14 2.06067e-93 5.90466e-93 2.25453e-34 2.25453e-34 2.25453e-34 5.8047e-31 1.93952e-32 1.38007e-32 0 0 0 0
1.91095e+14 2.15816e-89 1.91157e-88 9.5247e-36 9.5247e-36 9.5247e-36 2.16592e-32 7.01998e-34 5.59542e-34 0 0 0 0
2.20673e+14 2.86881e-86 2.06738e-84 4.60242e-37 4.60242e-37 4.60242e-37 9.24025e-34 2.66975e-35 2.71042e-35 0 0 0 0
2.5483e+14 3.08166e-84 7.25137e-81 2.26098e-38 2.26098e-38 2.26098e-38 4.00648e-35 1.20658e-36 7.48933e-37 0 0 0 0
2.94273e+14 1.48597e-84 6.69526e-79 8.40741e-41 8.40741e-41 8.40741e-41 1.31445e-37 1.15413e-39 5.67487e-39 0 0 0 0
3.39821e+14 8.7081e-86 5.61229e-77 7.50734e-43 7.50734e-43 7.50734e-43 1.03528e-39 3.26224e-41 3.33887e-41 0 0 0 0
3.92419e+14 3.7005e-89 2.63673e-76 9.17447e-46 9.17447e-46 9.17447e-46 1.11557e-42 3.61219e-44 3.15554e-44 0 0 0 0
4.53158e+14 4.46133e-95 2.22335e-77 4.55485e-50 4.55485e-50 4.55485e-50 4.88224e-47 2.92833e-49 3.85869e-48 0 0 0 0
5.23299e+14 2.35428e-101 3.43584e-78 8.7339e-54 8.7339e-54 8.7339e-54 8.24997e-51 2.13441e-52 1.72713e-52 0 0 0 0
6.04296e+14 3.94417e-110 4.0056e-81 2.49042e-59 2.49042e-59 2.49042e-59 2.07255e-56 6.292e-58 1.03729e-57 0 0 0 0
6.97831e+14 4.49863e-120 3.97228e-85 1.11883e-65 1.11883e-65 1.11883e-65 8.20093e-63 2.01692e-64 4.20286e-64 0 0 0 0
8.05842e+14 9.77062e-131 4.93162e-90 1.1002e-72 1.1002e-72 1.1002e-72 7.10131e-70 2.34584e-71 2.49901e-71 0 0 0 0
9.30572e+14 2.82457e-143 3.008e-97 8.81136e-82 8.81136e-82 8.81136e-82 5.0069e-79 1.51212e-81 4.63401e-80 0 0 0 0
1.07461e+15 3.1366e-155 1.62826e-104 9.88674e-91 9.88674e-91 9.88674e-91 4.94477e-88 4.52428e-90 1.51234e-89 0 0 0 0
1.24094e+15 2.93269e-168 1.22411e-113 2.32551e-101 2.32551e-101 2.32551e-101 1.02348e-98 1.00062e-100 2.26191e-100 0 0 0 0
1.43301e+15 0 0 0 0 0 0 0 0 0 0 0 0
1.65482e+15 0 0 0 0 0 0 0 0 0 0 0 0
1.91095e+15 0 0 0 0 0 0 0 0 0 0 0 0
2.20673e+15 0 0 0 0 0 0 0 0 0 0 0 0
2.5483e+15 0 0 0 0 0 0 0 0 0 0 0 0
2.94273e+15 0 0 0 0 0 0 0 0 0 0 0 0
3.39821e+15 0 0 0 0 0 0 0 0 0 0 0 0
3.92419e+15 0 0 0 0 0 0 0 0 0 0 0 0
4.53158e+15 0 0 0 0 0 0 0 0 0 0 0 0
5.23299e+15 0 0 0 0 0 0 0 0 0 0 0 0
6.04296e+15 0 0 0 0 0 0 0 0 0 0 0 0
6.97831e+15 0 0 0 0 0 0 0 0 0 0 0 0
8.05842e+15 0 0 0 0 0 0 0 0 0 0 0 0
9.30572e+15 0 0 0 0 0 0 0 0 0 0 0 0
1.07461e+16 0 0 0 0 0 0 0 0 0 0 0 0
1.24094e+16 0 0 0 0 0 0 0 0 0 0 0 0
1.43301e+16 0 0 0 0 0 0 0 0 0 0 0 0
1.65482e+16 0 0 0 0 0 0 0 0 0 0 0 0
1.91095e+16 0 0 0 0 0 0 0 0 0 0 0 0
2.20673e+16 0 0 0 0 0 0 0 0 0 0 0 0
2.5483e+16 0 0 0 0 0 0 0 0 0 0 0 0
2.94273e+16 0 0 0 0 0 0 0 0 0 0 0 0
3.39821e+16 0 0 0 0 0 0 0 0 0 0 0 0
3.92419e+16 0 0 0 0 0 0 0 0 0 0 0 0
4.53158e+16 0 0 0 0 0 0 0 0 0 0 0 0
5.23299e+16 0 0 0 0 0 0 0 0 0 0 0 0
6.04296e+16 0 0 0 0 0 0 0 0 0 0 0 0
6.97831e+16 0 0 0 0 0 0 0 0 0 0 0 0
8.05842e+16 0 0 0 0 0 0 0 0 0 0 0 0
9.30572e+16 0 0 0 0 0 0 0 0 0 0 0 0


