1.07461e-07 0 0 118.66 364.947 5.59846e+13 0 0 0 1.58308e-06 0 0 0
1.24094e-07 0 0 155.907 412.47 4.97822e+13 0 0 0 1.82811e-06 0 0 0
1.43301e-07 0 0 200.253 465.021 4.41556e+13 0 0 0 2.11107e-06 0 0 0
1.65482e-07 0 0 252.058 522.817 3.90549e+13 0 0 0 2.43782e-06 0 0 0
1.91095e-07 0 0 311.538 585.993 3.44352e+13 0 0 0 2.81515e-06 0 0 0
2.20673e-07 0 0 378.745 654.562 3.02558e+13 0 0 0 3.25088e-06 0 0 0
2.5483e-07 0 0 453.532 728.392 2.648e+13 0 0 0 3.75406e-06 0 0 0
2.94273e-07 0 0 535.522 807.152 2.30751e+13 0 0 0 4.33512e-06 0 0 0
3.39821e-07 0 0 624.066 890.279 2.00113e+13 0 0 0 5.00612e-06 0 0 0
3.92419e-07 0 0 718.211 976.938 1.72619e+13 0 0 0 5.78098e-06 0 0 0
4.53158e-07 0 0 816.67 1065.99 1.48029e+13 0 0 0 6.67576e-06 0 0 0
5.23299e-07 0 0 917.806 1155.97 1.26124e+13 0 0 0 7.70905e-06 0 0 0
6.04296e-07 0 0 1019.66 1245.15 1.06706e+13 0 0 0 8.90227e-06 0 0 0
6.97831e-07 0 0 1119.98 1331.52 8.9594e+12 0 0 0 1.02802e-05 0 0 0
8.05842e-07 0 0 1216.38 1412.98 7.46184e+12 0 0 0 1.18713e-05 0 0 0
9.30572e-07 0 0 1306.48 1487.47 6.16204e+12 0 0 0 1.37088e-05 0 0 0
1.07461e-06 0 0 1388.18 1553.23 5.04471e+12 0 0 0 1.58307e-05 0 0 0
1.24094e-06 0 0 1459.95 1609.13 4.0949e+12 0 0 0 1.8281e-05 0 0 0
1.43301e-06 0 0 1521.29 1655.01 3.29769e+12 0 0 0 2.11105e-05 0 0 0
1.65482e-06 0 0 1573.02 1692.07 2.638e+12 0 0 0 2.4378e-05 0 0 0
1.91095e-06 0 0 1617.65 1723.15 2.10049e+12 0 0 0 2.81512e-05 0 0 0
2.20673e-06 0 0 1659.54 1752.87 1.66957e+12 0 0 0 3.25085e-05 0 0 0
2.5483e-06 0 0 1704.78 1787.49 1.32957e+12 0 0 0 3.75401e-05 0 0 0
2.94273e-06 0 0 1760.66 1834.4 1.06511e+12 0 0 0 4.33506e-05 0 0 0
3.39821e-06 0 0 1834.89 1901.25 8.61483e+11 0 0 0 5.00603e-05 0 0 0
3.92419e-06 0 0 1934.37 1994.81 7.05239e+11 0 0 0 5.78086e-05 0 0 0
4.53158e-06 0 0 2064.09 2119.83 5.84641e+11 0 0 0 6.67561e-05 0 0 0
5.23299e-06 0 0 2226.36 2278.32 4.90034e+11 0 0 0 7.70884e-05 0 0 0
6.04296e-06 0 0 2420.68 2469.52 4.13984e+11 0 0 0 8.90199e-05 0 0 0
6.97831e-06 0 0 2644.47 2690.62 3.5117e+11 0 0 0 0.000102798 0 0 0
8.05842e-06 0 0 2894.36 2938.05 2.98058e+11 0 0 0 0.000118708 0 0 0
9.30572e-06 0 0 3167.49 3208.86 2.5245e+11 0 0 0 0.000137081 0 0 0
1.07461e-05 0 0 3462.6 3501.72 2.1302e+11 0 0 0 0.000158298 0 0 0
1.24094e-05 0 0 3780.43 3817.39 1.78934e+11 0 0 0 0.000182798 0 0 0
1.43301e-05 0 0 4123.87 4158.76 1.49597e+11 0 0 0 0.000211089 0 0 0
1.65482e-05 0 0 4497.71 4530.64 1.24511e+11 0 0 0 0.000243759 0 0 0
1.91095e-05 0 0 4908.54 4939.65 1.03216e+11 0 0 0 0.000281484 0 0 0
2.20673e-05 0 0 5364.56 5393.99 8.52674e+10 0 0 0 0.000325047 0 0 0
2.5483e-05 0 0 5875.41 5903.31 7.02367e+10 0 0 0 0.000375351 0 0 0
2.94273e-05 0 0 6451.93 6478.45 5.77178e+10 0 0 0 0.000433439 0 0 0
3.39821e-05 0 0 7106.1 7131.39 4.73341e+10 0 0 0 0.000500514 0 0 0
3.92419e-05 0 0 7851.21 7875.4 3.87459e+10 0 0 0 0.000577967 0 0 0
4.53158e-05 0 0 8702.58 8725.8 3.1656e+10 0 0 0 0.000667403 0 0 0
5.23299e-05 0 0 9678.76 9701.12 2.58105e+10 0 0 0 0.000770673 0 0 0
6.04296e-05 0 0 10802.9 10824.5 2.09975e+10 0 0 0 0.000889918 0 0 0
6.97831e-05 0 0 12104.1 12125.1 1.70414e+10 0 0 0 0.0010276 0 0 0
8.05842e-05 0 0 13617.7 13638.1 1.37968e+10 0 0 0 0.00118659 0 0 0
9.30572e-05 0 0 15386.1 15406.1 1.11426e+10 0 0 0 0.00137015 0 0 0
0.000107461 0 0 17459.4 17479 8.97716e+09 0 0 0 0.00158209 0 0 0
0.000124094 0 0 19897.3 19916.7 7.21512e+09 0 0 0 0.00182679 0 0 0
0.000143301 1.06584e-293 1.06584e-293 22772.8 22792 5.78499e+09 0 0 0 0.00210931 0 0 0
0.000165482 4.34415e-216 4.34415e-216 26175.3 26194.4 4.62717e+09 0 0 0 0.00243548 0 0 0
0.000191095 1.05537e-158 1.05537e-158 30214.7 30233.8 3.69222e+09 0 0 0 0.00281203 0 0 0
0.000220673 2.88185e-116 2.88185e-116 35024.5 35043.6 2.93917e+09 0 0 0 0.00324673 0 0 0
0.00025483 7.01781e-85 7.01781e-85 40767.1 40786.4 2.33421e+09 0 0 0 0.00374852 0 0 0
0.000294273 1.16254e-61 1.16254e-61 47640.7 47660.2 1.84946e+09 0 0 0 0.00432773 0 0 0
0.000339821 1.76963e-44 1.76963e-44 55887.9 55907.8 1.46202e+09 0 0 0 0.00499626 0 0 0
0.000392419 9.3005e-32 9.3005e-32 65805.9 65826.2 1.15314e+09 0 0 0 0.00576783 0 0 0
0.000453158 2.46244e-22 2.46244e-22 77758.2 77779 9.07507e+08 0 0 0 0.00665824 0 0 0
0.000523299 2.38182e-15 2.38182e-15 92190.5 92211.7 7.12648e+08 0 0 0 0.00768568 0 0 0
0.000604296 3.64034e-10 3.64034e-10 109649 109671 5.58443e+08 0 0 0 0.00887111 0 0 0
0.000697831 2.59513e-06 2.59513e-06 130804 130827 4.36698e+08 0 0 0 0.0102386 0 0 0
0.000805842 0.00192057 0.00192057 156478 156502 3.40805e+08 0 0 0 0.011816 0 0 0
0.000930572 0.266544 0.266544 187683 187707 2.65445e+08 0 0 0 0.013635 0 0 0
0.00107461 10.7398 10.7398 225658 225684 2.06352e+08 0 0 0 0.0157322 0 0 0
0.00124094 173.54 173.54 271932 271959 1.60117e+08 0 0 0 0.0181497 0 0 0
0.00143301 1427.79 1427.79 328381 328409 1.24016e+08 0 0 0 0.0209356 0 0 0
0.00165482 7135.27 7135.27 397315 397344 9.5886e+07 0 0 0 0.0241448 0 0 0
0.00191095 24675.5 24675.5 481575 481605 7.40107e+07 0 0 0 0.0278404 0 0 0
0.00220673 65024.1 65024.1 584662 584694 5.70319e+07 0 0 0 0.0320943 0 0 0
0.0025483 140201 140201 710885 710919 4.38781e+07 0 0 0 0.0369881 0 0 0
0.00294273 260701 260701 865556 865591 3.3706e+07 0 0 0 0.042615 0 0 0
0.00339821 434631 434631 1.05522e+06 1.05526e+06 2.58535e+07 0 0 0 0.0490803 0 0 0
0.00392419 668575 668575 1.28794e+06 1.28798e+06 1.98017e+07 0 0 0 0.0565031 0 0 0
0.00453158 969192 969192 1.57357e+06 1.57361e+06 1.51454e+07 0 0 0 0.0650172 0 0 0
0.00523299 1.34189e+06 1.34189e+06 1.91996e+06 1.92001e+06 1.15685e+07 0 0 0 0.0747728 0 0 0
0.00604296 1.76529e+06 1.76529e+06 2.30046e+06 2.3005e+06 8.82481e+06 0 0 0 0.0859369 0 0 0
0.00697831 2.14239e+06 2.14239e+06 2.60555e+06 2.6056e+06 6.72341e+06 0 0 0 0.0986943 0 0 0
0.00805842 2.341e+06 2.341e+06 2.7054e+06 2.70544e+06 5.11621e+06 0 0 0 0.113248 0 0 0
0.00930572 2.30849e+06 2.30849e+06 2.56904e+06 2.56907e+06 3.88866e+06 0 0 0 0.129817 0 0 0
0.0107461 2.09475e+06 2.09475e+06 2.26704e+06 2.26707e+06 2.95232e+06 0 0 0 0.148638 0 0 0
0.0124094 1.78883e+06 1.78883e+06 1.89646e+06 1.89647e+06 2.23901e+06 0 0 0 0.169959 0 0 0
0.0143301 1.46485e+06 1.46485e+06 1.5295e+06 1.52951e+06 1.69627e+06 0 0 0 0.194034 0 0 0
0.0165482 1.16623e+06 1.16623e+06 1.20406e+06 1.20407e+06 1.2838e+06 0 0 0 0.221115 0 0 0
0.0191095 911265 911265 933021 933027 970684 0 0 0 0.251443 0 0 0
0.0220673 703244 703244 715616 715619 733253 0 0 0 0.285224 0 0 0
0.025483 538210 538210 545192 545195 553402 0 0 0 0.322612 0 0 0
0.0294273 409579 409579 413500 413502 417304 0 0 0 0.363672 0 0 0
0.0339821 310466 310466 312660 312661 314416 0 0 0 0.408343 0 0 0
0.0392419 234674 234674 235898 235899 236707 0 0 0 0.456383 0 0 0
0.0453158 177014 177014 177696 177697 178068 0 0 0 0.507307 0 0 0
0.0523299 133307 133307 133687 133687 133857 0 0 0 0.560309 0 0 0
0.0604296 100263 100263 100474 100474 100552 0 0 0 0.614183 0 0 0
0.0697831 75330.2 75330.2 75447.3 75447.5 75483 0 0 0 0.667232 0 0 0
0.0805842 56546.1 56546.1 56611.1 56611.2 56627.4 0 0 0 0.717195 0 0 0
0.0930572 42412.3 42412.3 42448.3 42448.3 42455.7 0 0 0 0.761203 0 0 0
0.107461 31788.6 31788.6 31808.6 31808.6 31811.9 0 0 0 0.795797 0 0 0
0.124094 23810.6 23810.6 23821.7 23821.7 23823.2 0 0 0 0.817058 0 0 0
0.143301 17824.3 17824.3 17830.4 17830.4 17831.1 0 0 0 0.820892 0 0 0
0.165482 13335.7 13335.7 13339.1 13339.1 13339.4 0 0 0 0.803533 0 0 0
0.191095 9972.38 9972.38 9974.27 9974.27 9974.41 0 0 0 0.762275 0 0 0
0.220673 7453.76 7453.76 7454.81 7454.82 7454.88 0 0 0 0.696383 0 0 0
0.25483 5568.79 5568.79 5569.38 5569.38 5569.41 0 0 0 0.608014 0 0 0
0.294273 4158.8 4158.8 4159.12 4159.13 4159.15 0 0 0 0.50281 0 0 0
0.339821 3104.64 3104.64 3104.83 3104.83 3104.84 0 0 0 0.389717 0 0 0
0.392419 2316.88 2316.88 2316.99 2316.99 2316.99 0 0 0 0.279682 0 0 0
0.453158 1728.45 1728.45 1728.52 1728.52 1728.52 0 0 0 0.183276 0 0 0
0.523299 1289.1 1289.1 1289.14 1289.14 1289.14 0 0 0 0.107948 0 0 0
0.604296 961.176 961.176 961.2 961.2 961.2 0 0 0 0.0561357 0 0 0
0.697831 716.509 716.509 716.524 716.525 716.525 0 0 0 0.0252585 0 0 0
0.805842 534.019 534.019 534.029 534.029 534.029 0 0 0 0.00961053 0 0 0
0.930572 397.944 397.944 397.951 397.951 397.951 0 0 0 0.00301207 0 0 0
1.07461 296.505 296.505 296.51 296.51 296.511 0 0 0 0.000754515 0 0 0
1.24094 220.904 220.904 220.908 220.908 220.908 0 0 0 0.000145907 0 0 0
1.43301 164.57 164.57 164.574 164.574 164.574 0 0 0 2.0926e-05 0 0 0
1.65482 122.601 122.601 122.603 122.603 122.603 0 0 0 2.12524e-06 0 0 0
1.91095 91.3365 91.3365 91.3389 91.3389 91.3389 0 0 0 1.44891e-07 0 0 0
2.20673 68.0722 68.0722 68.0742 68.0742 68.0742 0 0 0 6.23438e-09 13090.9 0 0
2.5483 50.7475 50.7475 50.7492 50.7492 50.7492 0 0 0 1.57662e-10 11924 0 0
2.94273 37.8458 37.8458 37.8473 37.8473 37.8473 0 0 0 2.15832e-12 10544.3 0 0
3.39821 28.237 28.237 28.2382 28.2382 28.2382 0 0 0 1.45447e-14 8872.88 0 0
3.92419 21.079 21.079 21.0801 21.0801 21.0801 0 0 0 4.32363e-17 7000.71 0 0
4.53158 15.7454 15.7454 15.7464 15.7464 15.7464 0 0 0 4.99498e-20 5234.34 0 0
5.23299 11.7701 11.7701 11.7709 11.7709 11.7709 0 0 0 1.93744e-23 3848.64 0 0
6.04296 8.80595 8.80595 8.80665 8.80665 8.80665 0 0 0 2.13091e-27 2769.35 0 0
6.97831 6.59461 6.59461 6.59521 6.59521 6.59521 0 0 0 5.46795e-32 1985.57 0 0
8.05842 4.94355 4.94355 4.94407 4.94407 4.94407 0 0 0 2.6132e-37 1452.83 0 0
9.30572 3.70918 3.70918 3.70963 3.70963 3.70963 0 0 0 1.79322e-43 1084.89 0 0
10.7461 2.78629 2.78629 2.78668 2.78668 2.78668 0 0 0 1.3084e-50 875.544 0 0
12.4094 2.09514 2.09514 2.09548 2.09548 2.09548 0 0 0 7.17523e-59 712.654 0 0
14.3301 1.57738 1.57738 1.57768 1.57768 1.57768 0 0 0 1.98128e-68 508.257 0 0
16.5482 1.1887 1.1887 1.18895 1.18895 1.18895 0 0 0 1.73446e-79 312.133 0 0
19.1095 0.896953 0.896953 0.897176 0.897176 0.897176 0 0 0 2.82156e-92 186.559 0 0
22.0673 0.677491 0.677491 0.677686 0.677686 0.677686 0 0 0 4.60267e-107 111.504 0 0
25.483 0.512458 0.512458 0.512628 0.512628 0.512628 0 0 0 3.69273e-124 65.48 0 0
29.4273 0.388026 0.388026 0.388175 0.388175 0.388175 0 0 0 6.40083e-144 37.5202 0 0
33.9821 0.294249 0.294249 0.294379 0.294379 0.294379 0 0 0 9.27073e-167 21.4992 0 0
39.2419 0.223355 0.223355 0.223469 0.223469 0.223469 0 0 0 3.74592e-193 12.3191 0 0
45.3158 0.16979 0.16979 0.16989 0.16989 0.16989 0 0 0 1.18962e-223 6.78157 0 0
52.3299 0.129181 0.129181 0.129269 0.129269 0.129269 0 0 0 6.87619e-259 3.51601 0 0
60.4296 0.098431 0.098431 0.0985085 0.0985085 0.0985085 0 0 0 1.33574e-299 2.2146 0 0
69.7831 0.0750634 0.0750634 0.0751316 0.0751316 0.0751316 0 0 0 0 1.70006 0 0
80.5842 0.0573305 0.0573305 0.0573907 0.0573907 0.0573907 0 0 0 0 1.30506 0 0
93.0572 0.0438204 0.0438204 0.0438735 0.0438735 0.0438735 0 0 0 0 1.00183 0 0
107.461 0.0335448 0.0335448 0.0335917 0.0335917 0.0335917 0 0 0 0 0.769053 0 0
124.094 0.0256959 0.0256959 0.0257375 0.0257375 0.0257375 0 0 0 0 0.590359 0 0
143.301 0.0197126 0.0197126 0.0197494 0.0197494 0.0197494 0 0 0 0 0.453182 0 0
165.482 0.0151308 0.0151308 0.0151634 0.0151634 0.0151634 0 0 0 0 0.347877 0 0
191.095 0.0116302 0.0116302 0.0116592 0.0116592 0.0116592 0 0 0 0 0.267039 0 0
220.673 0.00894314 0.00894314 0.00896887 0.00896887 0.00896887 0 0 0 0 0.204983 0 0
254.83 0.00688583 0.00688583 0.00690871 0.00690871 0.00690871 0 0 0 0 0.157347 0 0
294.273 0.0053031 0.0053031 0.00532345 0.00532345 0.00532345 0 0 0 0 0.120779 0 0
339.821 0.00408893 0.00408893 0.00410706 0.00410706 0.00410706 0 0 0 0 0.0927076 0 0
392.419 0.00315299 0.00315299 0.00316914 0.00316914 0.00316914 0 0 0 0 0.0711595 0 0
453.158 0.00243376 0.00243376 0.00244816 0.00244816 0.00244816 0 0 0 0 0.0546186 0 0
523.299 0.00187841 0.00187841 0.00189125 0.00189125 0.00189125 0 0 0 0 0.0419216 0 0
604.296 0.00145101 0.00145101 0.00146247 0.00146247 0.00146247 0 0 0 0 0.0321752 0 0
697.831 0.00112054 0.00112054 0.00113077 0.00113077 0.00113077 0 0 0 0 0.0246939 0 0
805.842 0.000865913 0.000865913 0.000875045 0.000875045 0.000875045 0 0 0 0 0.0189514 0 0
930.572 0.00066882 0.00066882 0.000676972 0.000676972 0.000676972 0 0 0 0 0.0145437 0 0
1074.61 0.000516821 0.000516821 0.000524102 0.000524102 0.000524102 0 0 0 0 0.0111605 0 0
1240.94 0.000399088 0.000399088 0.000405588 0.000405588 0.000405588 0 0 0 0 0.0085638 0 0
1433.01 0.000308239 0.000308239 0.000314044 0.000314044 0.000314044 0 0 0 0 0.00657081 0 0
1654.82 0.000237849 0.000237849 0.000243028 0.000243028 0.000243028 0 0 0 0 0.00504123 0 0
1910.95 0.000183521 0.000183521 0.000188144 0.000188144 0.000188144 0 0 0 0 0.00386735 0 0
2206.73 0.000141432 0.000141432 0.000145554 0.000145554 0.000145554 0 0 0 0 0.00296648 0 0
2548.3 0.000108954 0.000108954 0.000112629 0.000112629 0.000112629 0 0 0 0 0.00227518 0 0
2942.73 8.38072e-05 8.38072e-05 8.70801e-05 8.70801e-05 8.70801e-05 0 0 0 0 0.00174472 0 0
3398.21 6.44158e-05 6.44158e-05 6.73295e-05 6.73295e-05 6.73295e-05 0 0 0 0 0.00133771 0 0
3924.19 4.94177e-05 4.94177e-05 5.2008e-05 5.2008e-05 5.2008e-05 0 0 0 0 0.00102545 0 0
4531.58 3.78667e-05 3.78667e-05 4.01679e-05 4.01679e-05 4.01679e-05 0 0 0 0 0.000785896 0 0
5232.99 2.90404e-05 2.90404e-05 3.1e-05 3.1e-05 3.1e-05 0 0 0 0 0.000602144 0 0
6042.96 2.21855e-05 2.21855e-05 2.39115e-05 2.39115e-05 2.39115e-05 0 0 0 0 0.000461213 0 0
6978.31 1.69055e-05 1.69055e-05 1.84214e-05 1.84214e-05 1.84214e-05 0 0 0 0 0.000353142 0 0
8058.42 1.28574e-05 1.28574e-05 1.41858e-05 1.41858e-05 1.41858e-05 0 0 0 0 0.000270281 0 0
9305.72 9.74932e-06 9.74932e-06 1.09095e-05 1.09095e-05 1.09095e-05 0 0 0 0 0.000206758 0 0
10746.1 7.37476e-06 7.37476e-06 8.38512e-06 8.38512e-06 8.38512e-06 0 0 0 0 0.000158069 0 0
12409.4 5.55929e-06 5.55929e-06 6.43561e-06 6.43561e-06 6.43561e-06 0 0 0 0 0.000120771 0 0
14330.1 4.17856e-06 4.17856e-06 4.93589e-06 4.93589e-06 4.93589e-06 0 0 0 0 9.22023e-05 0 0
16548.2 3.12851e-06 3.12851e-06 3.77992e-06 3.77992e-06 3.77992e-06 0 0 0 0 7.03266e-05 0 0
19109.5 2.33448e-06 2.33448e-06 2.89235e-06 2.89235e-06 2.89235e-06 0 0 0 0 5.35829e-05 0 0
22067.3 1.73456e-06 1.73456e-06 2.20971e-06 2.20971e-06 2.20971e-06 0 0 0 0 4.07744e-05 0 0
25483 1.28408e-06 1.28408e-06 1.68671e-06 1.68671e-06 1.68671e-06 0 0 0 0 3.0982e-05 0 0
29427.3 9.46376e-07 9.46376e-07 1.28545e-06 1.28545e-06 1.28545e-06 0 0 0 0 2.35006e-05 0 0
33982.1 6.94876e-07 6.94876e-07 9.78775e-07 9.78775e-07 9.78775e-07 0 0 0 0 1.77881e-05 0 0
39241.9 5.08013e-07 5.08013e-07 7.44103e-07 7.44103e-07 7.44103e-07 0 0 0 0 1.34314e-05 0 0
45315.8 3.70126e-07 3.70126e-07 5.65209e-07 5.65209e-07 5.65209e-07 0 0 0 0 1.01126e-05 0 0
52329.9 2.68654e-07 2.68654e-07 4.28696e-07 4.28696e-07 4.28696e-07 0 0 0 0 7.58818e-06 0 0
60429.6 1.94487e-07 1.94487e-07 3.24907e-07 3.24907e-07 3.24907e-07 0 0 0 0 5.67111e-06 0 0
69783.1 1.40421e-07 1.40421e-07 2.45924e-07 2.45924e-07 2.45924e-07 0 0 0 0 4.2177e-06 0 0
80584.2 1.0125e-07 1.0125e-07 1.86032e-07 1.86032e-07 1.86032e-07 0 0 0 0 3.11916e-06 0 0
93057.2 7.2926e-08 7.2926e-08 1.40572e-07 1.40572e-07 1.40572e-07 0 0 0 0 2.29149e-06 0 0
107461 5.25453e-08 5.25453e-08 1.0618e-07 1.0618e-07 1.0618e-07 0 0 0 0 1.67034e-06 0 0
124094 3.78877e-08 3.78877e-08 8.01333e-08 8.01333e-08 8.01333e-08 0 0 0 0 1.2063e-06 0 0
143301 2.73792e-08 2.73792e-08 6.04664e-08 6.04664e-08 6.04664e-08 0 0 0 0 8.61609e-07 0 0
165482 1.98346e-08 1.98346e-08 4.5598e-08 4.5598e-08 4.5598e-08 0 0 0 0 6.07628e-07 0 0
191095 1.44236e-08 1.44236e-08 3.43867e-08 3.43867e-08 3.43867e-08 0 0 0 0 4.22194e-07 0 0
220673 1.05295e-08 1.05295e-08 2.59208e-08 2.59208e-08 2.59208e-08 0 0 0 0 2.88315e-07 0 0
254830 7.7245e-09 7.7245e-09 1.95425e-08 1.95425e-08 1.95425e-08 0 0 0 0 1.92894e-07 0 0
294273 5.69355e-09 5.69355e-09 1.47293e-08 1.47293e-08 1.47293e-08 0 0 0 0 1.26022e-07 0 0
339821 4.21958e-09 4.21958e-09 1.11042e-08 1.11042e-08 1.11042e-08 0 0 0 0 8.0118e-08 0 0
392419 3.1431e-09 3.1431e-09 8.36933e-09 8.36933e-09 8.36933e-09 0 0 0 0 4.93533e-08 0 0
453158 2.35438e-09 2.35438e-09 6.30956e-09 6.30956e-09 6.30956e-09 0 0 0 0 2.93144e-08 0 0
523299 1.77248e-09 1.77248e-09 4.75538e-09 4.75538e-09 4.75538e-09 1.51254e-18 2.25258e-16 1.1555e-16 0 1.66763e-08 0 0
604296 1.34158e-09 1.34158e-09 3.58449e-09 3.58449e-09 3.58449e-09 1.82939e-18 2.2759e-16 1.15589e-16 0 9.03243e-09 0 0
697831 1.02017e-09 1.02017e-09 2.70067e-09 2.70067e-09 2.70067e-09 2.14624e-18 2.29922e-16 1.15629e-16 0 4.62396e-09 0 0
805842 7.79482e-10 7.79482e-10 2.03446e-09 2.03446e-09 2.03446e-09 2.46309e-18 2.32253e-16 1.15668e-16 0 2.21813e-09 0 0
930572 5.97886e-10 5.97886e-10 1.53134e-09 1.53134e-09 1.53134e-09 2.77994e-18 2.34585e-16 1.15708e-16 0 9.86989e-10 0 0
1.07461e+06 4.60319e-10 4.60319e-10 1.15192e-09 1.15192e-09 1.15192e-09 3.12862e-18 2.36967e-16 1.15744e-16 0 4.01824e-10 0 0
1.24094e+06 3.5532e-10 3.5532e-10 8.65283e-10 8.65283e-10 8.65283e-10 3.60502e-18 2.39127e-16 1.15742e-16 0 1.47966e-10 0 0
1.43301e+06 2.74854e-10 2.74854e-10 6.49098e-10 6.49098e-10 6.49098e-10 4.13967e-18 2.41531e-16 1.15739e-16 0 4.85332e-11 0 0
1.65482e+06 2.12749e-10 2.12749e-10 4.85845e-10 4.85845e-10 4.85845e-10 4.738e-18 2.44204e-16 1.15735e-16 0 1.39316e-11 0 0
1.91095e+06 1.64678e-10 1.64678e-10 3.62828e-10 3.62828e-10 3.62828e-10 5.41699e-18 2.47216e-16 1.15731e-16 0 3.42356e-12 0 0
2.20673e+06 1.27274e-10 1.27274e-10 2.70095e-10 2.70095e-10 2.70095e-10 6.17491e-18 2.50578e-16 1.15724e-16 0 7.01854e-13 0 0
2.5483e+06 9.81499e-11 9.81499e-11 2.00404e-10 2.00404e-10 2.00404e-10 7.01687e-18 2.54308e-16 1.15716e-16 0 1.17117e-13 0 0
2.94273e+06 7.54129e-11 7.54129e-11 1.48069e-10 1.48069e-10 1.48069e-10 7.95059e-18 2.58437e-16 1.15705e-16 0 1.54155e-14 0 0
3.39821e+06 5.76975e-11 5.76975e-11 1.08934e-10 1.08934e-10 1.08934e-10 9.00037e-18 2.63053e-16 1.1569e-16 0 1.5437e-15 0 0
3.92419e+06 4.38991e-11 4.38991e-11 7.97311e-11 7.97311e-11 7.97311e-11 1.01647e-17 2.68151e-16 1.1567e-16 0 1.12124e-16 0 0
4.53158e+06 3.32028e-11 3.32028e-11 5.80587e-11 5.80587e-11 5.80587e-11 1.14528e-17 2.73734e-16 1.15643e-16 0 5.62852e-18 0 0
5.23299e+06 2.49376e-11 2.49376e-11 4.2031e-11 4.2031e-11 4.2031e-11 1.28731e-17 2.79808e-16 1.15608e-16 0 1.85268e-19 0 0
6.04296e+06 1.8597e-11 1.8597e-11 3.02555e-11 3.02555e-11 3.02555e-11 1.44592e-17 2.86407e-16 1.15562e-16 0 3.74934e-21 0 0
6.97831e+06 1.37597e-11 1.37597e-11 2.16441e-11 2.16441e-11 2.16441e-11 1.6204e-17 2.9345e-16 1.15499e-16 0 4.33179e-23 0 0
8.05842e+06 1.01024e-11 1.01024e-11 1.53928e-11 1.53928e-11 1.53928e-11 1.81134e-17 3.00823e-16 1.15416e-16 0 0 0 0
9.30572e+06 7.3567e-12 7.3567e-12 1.08789e-11 1.08789e-11 1.08789e-11 2.01951e-17 3.08399e-16 1.15308e-16 0 0 0 0
1.07461e+07 5.31576e-12 5.31576e-12 7.64451e-12 7.64451e-12 7.64451e-12 2.24737e-17 3.15947e-16 1.15163e-16 0 0 0 0
1.24094e+07 3.81037e-12 3.81037e-12 5.33979e-12 5.33979e-12 5.33979e-12 2.49222e-17 3.23151e-16 1.47557e-15 0 0 0 0
1.43301e+07 2.71113e-12 2.71113e-12 3.70993e-12 3.70993e-12 3.70993e-12 2.75234e-17 3.29777e-16 1.40012e-15 0 0 0 0
1.65482e+07 1.9146e-12 1.9146e-12 2.56347e-12 2.56347e-12 2.56347e-12 3.02487e-17 3.35552e-16 1.32819e-15 0 0 0 0
1.91095e+07 1.34294e-12 1.34294e-12 1.76276e-12 1.76276e-12 1.76276e-12 3.30592e-17 3.40144e-16 1.25479e-15 0 0 0 0
2.20673e+07 9.35601e-13 9.35601e-13 1.20623e-12 1.20623e-12 1.20623e-12 3.58459e-17 3.435e-16 1.18041e-15 0 0 0 0
2.5483e+07 6.47887e-13 6.47887e-13 8.21916e-13 8.21916e-13 8.21916e-13 3.85674e-17 3.45348e-16 1.11219e-15 0 0 0 0
2.94273e+07 4.45961e-13 4.45961e-13 5.57642e-13 5.57642e-13 5.57642e-13 4.11312e-17 3.45065e-16 1.0413e-15 0 0 0 0
3.39821e+07 3.05351e-13 3.05351e-13 3.76953e-13 3.76953e-13 3.76953e-13 4.34419e-17 3.42256e-16 9.74006e-16 0 0 0 0
3.92419e+07 2.07977e-13 2.07977e-13 2.53855e-13 2.53855e-13 2.53855e-13 4.53425e-17 3.36734e-16 9.10052e-16 0 0 0 0
4.53158e+07 1.41007e-13 1.41007e-13 1.70414e-13 1.70414e-13 1.70414e-13 4.6698e-17 3.28879e-16 8.44207e-16 0 0 0 0
5.23299e+07 9.51637e-14 9.51637e-14 1.14023e-13 1.14023e-13 1.14023e-13 4.75114e-17 3.18843e-16 7.85268e-16 0 0 0 0
6.04296e+07 6.39703e-14 6.39703e-14 7.60819e-14 7.60819e-14 7.60819e-14 4.79658e-17 3.06028e-16 7.25971e-16 0 0 0 0
6.97831e+07 4.28297e-14 4.28297e-14 5.06182e-14 5.06182e-14 5.06182e-14 4.80482e-17 2.90302e-16 6.66887e-16 0 0 0 0
8.05842e+07 2.85767e-14 2.85767e-14 3.35948e-14 3.35948e-14 3.35948e-14 4.77856e-17 2.71933e-16 6.14003e-16 0 0 0 0
9.30572e+07 1.9e-14 1.9e-14 2.22389e-14 2.22389e-14 2.22389e-14 4.71875e-17 2.51271e-16 5.59291e-16 0 0 0 0
1.07461e+08 1.25944e-14 1.25944e-14 1.46893e-14 1.46893e-14 1.46893e-14 4.62059e-17 2.29292e-16 5.08281e-16 0 0 23.4652 0
1.24094e+08 8.32247e-15 8.32247e-15 9.68002e-15 9.68002e-15 9.68002e-15 4.4508e-17 2.07505e-16 4.61023e-16 0 0 20.6146 0
1.43301e+08 5.48457e-15 5.48457e-15 6.36598e-15 6.36598e-15 6.36598e-15 4.24106e-17 1.86825e-16 4.14092e-16 0 0 18.1103 0
1.65482e+08 3.60433e-15 3.60433e-15 4.17754e-15 4.17754e-15 4.17754e-15 3.99934e-17 1.67551e-16 3.73904e-16 0 0 15.9102 0
1.91095e+08 2.36275e-15 2.36275e-15 2.7361e-15 2.7361e-15 2.7361e-15 3.73285e-17 1.49841e-16 3.3511e-16 0 0 13.9774 0
2.20673e+08 1.54501e-15 1.54501e-15 1.78848e-15 1.78848e-15 1.78848e-15 3.45697e-17 1.33787e-16 2.98316e-16 0 0 12.2793 0
2.5483e+08 1.00791e-15 1.00791e-15 1.16686e-15 1.16686e-15 1.16686e-15 3.17703e-17 1.19188e-16 2.67259e-16 0 0 10.7876 0
2.94273e+08 6.56072e-16 6.56072e-16 7.59918e-16 7.59918e-16 7.59918e-16 2.89918e-17 1.05967e-16 2.36669e-16 0 0 9.47709 0
3.39821e+08 4.26094e-16 4.26094e-16 4.9397e-16 4.9397e-16 4.9397e-16 2.62982e-17 9.40853e-17 2.09635e-16 0 0 8.6931 0
3.92419e+08 2.76204e-16 2.76204e-16 3.20591e-16 3.20591e-16 3.20591e-16 2.37711e-17 8.35103e-17 1.85564e-16 0 0 8.32578 0
4.53158e+08 1.78649e-16 1.78649e-16 2.07672e-16 2.07672e-16 2.07672e-16 2.14078e-17 7.3993e-17 1.62191e-16 0 0 7.97398 0
5.23299e+08 1.15365e-16 1.15365e-16 1.34344e-16 1.34344e-16 1.34344e-16 1.92145e-17 6.54376e-17 1.43018e-16 0 0 7.63704 0
6.04296e+08 7.43286e-17 7.43286e-17 8.67312e-17 8.67312e-17 8.67312e-17 1.71979e-17 5.77826e-17 1.24851e-16 0 0 7.31434 0
6.97831e+08 4.78263e-17 4.78263e-17 5.59309e-17 5.59309e-17 5.59309e-17 1.5376e-17 5.10026e-17 1.08037e-16 0 0 7.00527 0
8.05842e+08 3.07007e-17 3.07007e-17 3.59898e-17 3.59898e-17 3.59898e-17 1.37141e-17 4.4916e-17 9.43795e-17 0 0 6.70926 0
9.30572e+08 1.96829e-17 1.96829e-17 2.31336e-17 2.31336e-17 2.31336e-17 1.22022e-17 3.94569e-17 8.11416e-17 0 0 6.42577 0
1.07461e+09 1.25923e-17 1.25923e-17 1.48404e-17 1.48404e-17 1.48404e-17 1.08317e-17 3.45833e-17 6.98344e-17 0 0 6.44893 0
1.24094e+09 8.04699e-18 8.04699e-18 9.51077e-18 9.51077e-18 9.51077e-18 9.61041e-18 3.02899e-17 6.00564e-17 0 0 6.78207 0
1.43301e+09 5.13323e-18 5.13323e-18 6.08511e-18 6.08511e-18 6.08511e-18 8.50625e-18 2.64547e-17 5.07647e-17 0 0 7.13243 0
1.65482e+09 3.27081e-18 3.27081e-18 3.88932e-18 3.88932e-18 3.88932e-18 7.50897e-18 2.30369e-17 4.35086e-17 0 0 7.50088 0
1.91095e+09 2.08176e-18 2.08176e-18 2.48331e-18 2.48331e-18 2.48331e-18 6.61035e-18 2.00072e-17 3.68302e-17 0 0 7.88837 0
2.20673e+09 1.32346e-18 1.32346e-18 1.5839e-18 1.5839e-18 1.5839e-18 5.81382e-18 1.7364e-17 3.09042e-17 0 0 8.29588 0
2.5483e+09 8.41267e-19 8.41267e-19 1.01018e-18 1.01018e-18 1.01018e-18 5.09734e-18 1.50237e-17 2.64475e-17 0 0 8.72444 0
2.94273e+09 5.34003e-19 5.34003e-19 6.43409e-19 6.43409e-19 6.43409e-19 4.45441e-18 1.2958e-17 2.23001e-17 0 0 9.17513 0
3.39821e+09 3.39116e-19 3.39116e-19 4.10009e-19 4.10009e-19 4.10009e-19 3.88075e-18 1.11434e-17 1.90388e-17 0 0 9.64911 0
3.92419e+09 2.15266e-19 2.15266e-19 2.61183e-19 2.61183e-19 2.61183e-19 3.3777e-18 9.57982e-18 1.63995e-17 0 0 10.1476 0
4.53158e+09 1.3678e-19 1.3678e-19 1.66547e-19 1.66547e-19 1.66547e-19 2.92991e-18 8.20961e-18 1.40238e-17 0 0 10.6718 0
5.23299e+09 8.69276e-20 8.69276e-20 1.06227e-19 1.06227e-19 1.06227e-19 2.53224e-18 7.01243e-18 1.22888e-17 0 0 11.2231 0
6.04296e+09 5.48744e-20 5.48744e-20 6.73012e-20 6.73012e-20 6.73012e-20 2.18224e-18 5.97008e-18 1.0711e-17 0 0 11.8029 0
6.97831e+09 3.39804e-20 3.39804e-20 4.18285e-20 4.18285e-20 4.18285e-20 1.87979e-18 5.08357e-18 9.33078e-18 0 0 12.4126 0
8.05842e+09 2.03177e-20 2.03177e-20 2.51027e-20 2.51027e-20 2.51027e-20 1.61405e-18 4.31426e-18 8.21399e-18 0 0 13.0538 0
9.30572e+09 1.16735e-20 1.16735e-20 1.44763e-20 1.44763e-20 1.44763e-20 1.38103e-18 3.64858e-18 7.13399e-18 0 0 13.7282 0
1.07461e+10 6.45274e-21 6.45274e-21 8.03202e-21 8.03202e-21 8.03202e-21 1.17814e-18 3.07344e-18 6.1753e-18 0 0 15.4033 0
1.24094e+10 3.45262e-21 3.45262e-21 4.31379e-21 4.31379e-21 4.31379e-21 1.00514e-18 2.59103e-18 5.30793e-18 0 0 18.439 0
1.43301e+10 1.81022e-21 1.81022e-21 2.27029e-21 2.27029e-21 2.27029e-21 8.54589e-19 2.17654e-18 4.46001e-18 0 0 22.0731 0
1.65482e+10 9.40318e-22 9.40318e-22 1.18377e-21 1.18377e-21 1.18377e-21 7.23985e-19 1.82146e-18 3.75332e-18 0 0 26.4233 0
1.91095e+10 4.87874e-22 4.87874e-22 6.16523e-22 6.16523e-22 6.16523e-22 6.10996e-19 1.51707e-18 3.09276e-18 0 0 31.631 0
2.20673e+10 2.56354e-22 2.56354e-22 3.25189e-22 3.25189e-22 3.25189e-22 5.1601e-19 1.26553e-18 2.4926e-18 0 0 37.865 34.7254
2.5483e+10 1.38461e-22 1.38461e-22 1.76312e-22 1.76312e-22 1.76312e-22 4.34263e-19 1.05166e-18 2.02972e-18 0 0 45.3276 22.9578
2.94273e+10 7.78789e-23 7.78789e-23 9.95491e-23 9.95491e-23 9.95491e-23 3.64169e-19 8.70404e-19 1.59685e-18 0 0 54.261 15.5417
3.39821e+10 4.57163e-23 4.57163e-23 5.86617e-23 5.86617e-23 5.86617e-23 3.04025e-19 7.16258e-19 1.25447e-18 0 0 64.955 10.7604
3.92419e+10 2.79434e-23 2.79435e-23 3.59943e-23 3.59943e-23 3.59943e-23 2.54206e-19 5.90911e-19 9.81638e-19 0 0 77.7566 7.61059
4.53158e+10 1.75519e-23 1.7552e-23 2.26961e-23 2.26961e-23 2.26961e-23 2.11771e-19 4.85499e-19 7.38738e-19 0 0 93.0813 5.49245
5.23299e+10 1.12457e-23 1.12458e-23 1.45978e-23 1.45978e-23 1.45978e-23 1.75739e-19 3.97151e-19 5.73021e-19 0 0 111.426 4.04008
6.04296e+10 7.29957e-24 7.29966e-24 9.51211e-24 9.51211e-24 9.51211e-24 1.45049e-19 3.22628e-19 4.29989e-19 0 0 133.387 3.02568
6.97831e+10 4.81542e-24 4.81552e-24 6.29934e-24 6.29934e-24 6.29934e-24 1.19999e-19 2.6305e-19 3.15729e-19 0 0 159.675 2.3047
8.05842e+10 3.20393e-24 3.20403e-24 4.20754e-24 4.20754e-24 4.20754e-24 9.88726e-20 2.13522e-19 2.39536e-19 0 0 191.145 1.78376
9.30572e+10 2.15031e-24 2.15042e-24 2.83488e-24 2.83488e-24 2.83488e-24 8.11165e-20 1.72492e-19 1.7315e-19 0 0 228.817 1.40144
1.07461e+11 1.45618e-24 1.45628e-24 1.92726e-24 1.92726e-24 1.92726e-24 6.61023e-20 1.38166e-19 1.26748e-19 0 0 273.913 1.11671
1.24094e+11 1.0069e-24 1.00699e-24 1.33784e-24 1.33784e-24 1.33784e-24 5.40471e-20 1.11229e-19 9.29638e-20 0 0 327.897 0.901709
1.43301e+11 7.08497e-25 7.08586e-25 9.45051e-25 9.45051e-25 9.45051e-25 4.39946e-20 8.91009e-20 6.54007e-20 0 0 392.521 0.737233
1.65482e+11 5.14822e-25 5.1491e-25 6.8945e-25 6.8945e-25 6.8945e-25 3.56416e-20 7.10052e-20 4.84487e-20 0 0 469.88 0.609868
1.91095e+11 3.84205e-25 3.84292e-25 5.16854e-25 5.16854e-25 5.16854e-25 2.86404e-20 5.59972e-20 3.46275e-20 0 0 562.487 0.510106
2.20673e+11 2.95577e-25 2.95666e-25 4.00927e-25 4.00927e-25 4.00927e-25 2.31223e-20 4.44511e-20 2.46662e-20 0 0 673.345 0.431129
2.5483e+11 2.27377e-25 2.27467e-25 3.17269e-25 3.17269e-25 3.17269e-25 1.85781e-20 3.50994e-20 1.83139e-20 0 0 806.051 0.367983
2.94273e+11 1.63519e-25 1.63602e-25 2.54894e-25 2.54894e-25 2.54894e-25 1.485e-20 2.75486e-20 1.31583e-20 0 0 964.911 0.317029
3.39821e+11 9.04293e-26 9.04883e-26 2.06171e-25 2.06171e-25 2.06171e-25 1.17525e-20 2.13492e-20 9.63459e-21 0 0 0 0.275565
3.92419e+11 2.49289e-26 2.49495e-26 1.70139e-25 1.70139e-25 1.70139e-25 9.35988e-21 1.66875e-20 7.15269e-21 0 0 0 0.241562
4.53158e+11 1.41594e-27 1.4174e-27 1.41256e-25 1.41256e-25 1.41256e-25 7.41467e-21 1.29587e-20 5.23831e-21 0 0 0 0.213483
5.23299e+11 4.08309e-30 4.08827e-30 1.17742e-25 1.17742e-25 1.17742e-25 5.84141e-21 1.00026e-20 3.94799e-21 0 0 0 0.190154
6.04296e+11 9.10436e-35 9.11831e-35 9.77387e-26 9.77387e-26 9.77387e-26 4.5462e-21 7.59672e-21 2.91187e-21 0 0 0 0.170669
6.97831e+11 1.99534e-42 1.99896e-42 8.23328e-26 8.23328e-26 8.23328e-26 3.56673e-21 5.8294e-21 2.17794e-21 0 0 0 0.154323
8.05842e+11 6.62388e-54 6.63781e-54 6.93709e-26 6.93709e-26 6.93709e-26 2.78288e-21 4.44614e-21 1.64429e-21 0 0 0 0.140565
9.30572e+11 1.03707e-69 1.03955e-69 5.83461e-26 5.83461e-26 5.83461e-26 2.15712e-21 3.36176e-21 1.22648e-21 0 0 0 0.12896
1.07461e+12 6.66471e-90 6.68239e-90 4.8557e-26 4.8557e-26 4.8557e-26 1.64762e-21 2.49311e-21 9.05291e-22 0 0 0 0.119166
1.24094e+12 5.03051e-114 5.04507e-114 4.09842e-26 4.09842e-26 4.09842e-26 1.27179e-21 1.87438e-21 6.78117e-22 0 0 0 0.110908
1.43301e+12 3.46454e-141 3.47529e-141 3.44442e-26 3.44442e-26 3.44442e-26 9.74463e-22 1.39452e-21 5.02929e-22 0 0 0 0.103969
1.65482e+12 3.63997e-170 3.65191e-170 2.88506e-26 2.88506e-26 2.88506e-26 7.42236e-22 1.031e-21 3.72601e-22 0 0 0 0.098177
1.91095e+12 1.38504e-199 1.38978e-199 2.37685e-26 2.37685e-26 2.37685e-26 5.5467e-22 7.42115e-22 2.6892e-22 0 0 0 0.0933933
2.20673e+12 4.66074e-228 4.67724e-228 1.98534e-26 1.98534e-26 1.98534e-26 4.19448e-22 5.42204e-22 1.96996e-22 0 0 0 0.0895108
2.5483e+12 2.32483e-254 2.33328e-254 1.65238e-26 1.65238e-26 1.65238e-26 3.15412e-22 3.93765e-22 1.43758e-22 0 0 0 0.0864461
2.94273e+12 1.69563e-277 1.70193e-277 1.36314e-26 1.36314e-26 1.36314e-26 2.34712e-22 2.81447e-22 1.0332e-22 0 0 0 0.0841374
3.39821e+12 9.23556e-297 9.27072e-297 1.10143e-26 1.10143e-26 1.10143e-26 1.70843e-22 1.95232e-22 7.21914e-23 0 0 0 0.082541
3.92419e+12 1.03285e-311 1.03689e-311 9.06415e-27 9.06415e-27 9.06415e-27 1.26448e-22 1.38369e-22 5.15113e-23 0 0 0 0.08163
4.53158e+12 3.26083e-322 3.26083e-322 7.37066e-27 7.37066e-27 7.37066e-27 9.23624e-23 9.6086e-23 3.60628e-23 0 0 0 0.0813928
5.23299e+12 0 0 5.9709e-27 5.9709e-27 5.9709e-27 6.71366e-23 6.65256e-23 2.51766e-23 0 0 0 0.0818329
6.04296e+12 0 0 4.68555e-27 4.68555e-27 4.68555e-27 4.72278e-23 4.3853e-23 1.67863e-23 0 0 0 0.0829683
6.97831e+12 0 0 3.73204e-27 3.73204e-27 3.73204e-27 3.36882e-23 2.94582e-23 1.1395e-23 0 0 0 0.0848322
8.05842e+12 1.4822e-323 1.4822e-323 2.96879e-27 2.96879e-27 2.96879e-27 2.39717e-23 1.97682e-23 7.73112e-24 0 0 0 0.0874729
9.30572e+12 7.17244e-316 7.20881e-316 2.30885e-27 2.30885e-27 2.30885e-27 1.66601e-23 1.28101e-23 5.07545e-24 0 0 0 0.0909553
1.07461e+13 6.79821e-306 6.83482e-306 1.73872e-27 1.73872e-27 1.73872e-27 1.12018e-23 7.90807e-24 3.18825e-24 0 0 0 0.0953611
1.24094e+13 3.67461e-294 3.69593e-294 1.34072e-27 1.34072e-27 1.34072e-27 7.70554e-24 5.05025e-24 2.06524e-24 0 0 0 0.10079
1.43301e+13 3.69302e-281 3.71664e-281 1.00042e-27 1.00042e-27 1.00042e-27 5.1254e-24 3.08205e-24 1.27849e-24 0 0 0 0.10736
1.65482e+13 2.76017e-267 2.78033e-267 7.52136e-28 7.52136e-28 7.52136e-28 3.43244e-24 1.90248e-24 8.01805e-25 0 0 0 0.115206
1.91095e+13 6.17705e-253 6.23107e-253 5.29221e-28 5.29221e-28 5.29221e-28 2.14988e-24 1.05831e-24 4.56723e-25 0 0 0 0.12448
2.20673e+13 2.18681e-238 2.21104e-238 3.75083e-28 3.75083e-28 3.75083e-28 1.35547e-24 6.05056e-25 2.65665e-25 0 0 0 0.135345
2.5483e+13 6.82213e-224 6.92348e-224 2.69212e-28 2.69212e-28 2.69212e-28 8.64926e-25 3.51191e-25 1.57116e-25 0 0 0 0.147968
2.94273e+13 1.07598e-209 1.09831e-209 1.80887e-28 1.80887e-28 1.80887e-28 5.16364e-25 1.87542e-25 8.55292e-26 0 0 0 0.162507
3.39821e+13 5.98721e-196 6.16284e-196 1.15372e-28 1.15372e-28 1.15372e-28 2.92466e-25 9.18211e-26 4.30649e-26 0 0 0 0.179093
3.92419e+13 9.59304e-183 9.98686e-183 7.55707e-29 7.55707e-29 7.55707e-29 1.70026e-25 4.77948e-26 2.28325e-26 0 0 0 0.197804
4.53158e+13 3.19769e-170 3.37702e-170 4.49521e-29 4.49521e-29 4.49521e-29 8.97183e-26 2.24985e-26 1.09192e-26 0 0 0 0.218621
5.23299e+13 2.26102e-158 2.42902e-158 2.83165e-29 2.83165e-29 2.83165e-29 5.01092e-26 1.12692e-26 5.56839e-27 0 0 0 0.241387
6.04296e+13 2.47318e-147 2.70874e-147 1.48932e-29 1.48932e-29 1.48932e-29 2.33568e-26 4.33064e-27 2.20404e-27 0 0 0 0.265741
6.97831e+13 4.84953e-137 5.42284e-137 7.82923e-30 7.82923e-30 7.82923e-30 1.08764e-26 1.81408e-27 9.21562e-28 0 0 0 0.291055
8.05842e+13 1.81019e-127 2.06883e-127 4.35523e-30 4.35523e-30 4.35523e-30 5.35713e-27 8.02785e-28 4.12485e-28 0 0 0 0.316368
9.30572e+13 1.032e-118 1.20924e-118 1.99965e-30 1.99965e-30 1.99965e-30 2.1769e-27 2.92963e-28 1.49408e-28 0 0 0 0.340344
1.07461e+14 1.03203e-110 1.25768e-110 8.36229e-31 8.36229e-31 8.36229e-31 8.05382e-28 8.63104e-29 4.60027e-29 0 0 0 0
1.24094e+14 2.11978e-103 2.82504e-103 3.61811e-31 3.61811e-31 3.61811e-31 3.08158e-28 2.86807e-29 1.54964e-29 0 0 0 0
1.43301e+14 6.7505e-97 1.12938e-96 1.23618e-31 1.23618e-31 1.23618e-31 9.30742e-29 7.56828e-30 3.94167e-30 0 0 0 0
1.65482e+14 4.69314e-91 1.34478e-90 5.13466e-32 5.13466e-32 5.13466e-32 3.41628e-29 2.59423e-30 1.37586e-30 0 0 0 0
1.91095e+14 2.63517e-86 2.33407e-85 1.16299e-32 1.16299e-32 1.16299e-32 6.83543e-30 3.65337e-31 1.98989e-31 0 0 0 0
2.20673e+14 1.86311e-82 1.34264e-80 2.98898e-33 2.98898e-33 2.98898e-33 1.55136e-30 7.23044e-32 3.82175e-32 0 0 0 0
2.5483e+14 1.0947e-79 2.57592e-76 8.03173e-34 8.03173e-34 8.03173e-34 3.68015e-31 1.59702e-32 8.34718e-33 0 0 0 0
2.94273e+14 2.16662e-78 9.76201e-73 1.22584e-34 1.22584e-34 1.22584e-34 4.957e-32 1.95893e-33 1.10158e-33 0 0 0 0
3.39821e+14 2.00573e-78 1.29268e-69 1.72916e-35 1.72916e-35 1.72916e-35 6.16925e-33 2.18796e-34 1.40376e-34 0 0 0 0
3.92419e+14 6.87266e-80 4.897e-67 1.70391e-36 1.70391e-36 1.70391e-36 5.36204e-34 1.64327e-35 1.00598e-35 0 0 0 0
4.53158e+14 8.99979e-83 4.48513e-65 9.18844e-38 9.18844e-38 9.18844e-38 2.54982e-35 4.57959e-37 4.84176e-37 0 0 0 0
5.23299e+14 2.53932e-86 3.70588e-63 9.42034e-39 9.42034e-39 9.42034e-39 2.30467e-36 6.40969e-38 4.03857e-38 0 0 0 0
6.04296e+14 2.60215e-91 2.64267e-62 1.64304e-40 1.64304e-40 1.64304e-40 3.54305e-38 9.81618e-40 1.37383e-39 0 0 0 0
6.97831e+14 1.35407e-96 1.19564e-61 3.36763e-42 3.36763e-42 3.36763e-42 6.39947e-40 1.42046e-41 2.31696e-41 0 0 0 0
8.05842e+14 6.02191e-102 3.03949e-61 6.78081e-44 6.78081e-44 6.78081e-44 1.13533e-41 3.3318e-43 3.32204e-43 0 0 0 0
9.30572e+14 5.4123e-108 5.76378e-62 1.68839e-46 1.68839e-46 1.68839e-46 2.49031e-44 1.37417e-46 9.56543e-46 0 0 0 0
1.07461e+15 3.23387e-113 1.67876e-62 1.01933e-48 1.01933e-48 1.01933e-48 1.3243e-46 1.40066e-48 3.82945e-48 0 0 0 0
1.24094e+15 2.92033e-118 1.21895e-63 2.31572e-51 2.31572e-51 2.31572e-51 2.64965e-49 2.86285e-51 5.59104e-51 0 0 0 0
1.43301e+15 8.90932e-124 4.03381e-66 3.47372e-55 3.47372e-55 3.47372e-55 3.50024e-53 1.36854e-55 2.22406e-54 0 0 0 0
1.65482e+15 1.55316e-127 9.54851e-68 5.20226e-58 5.20226e-58 5.20226e-58 4.61596e-56 3.81825e-58 1.28824e-57 0 0 0 0
1.91095e+15 7.56012e-132 8.16461e-71 3.79681e-62 3.79681e-62 3.79681e-62 2.96653e-60 3.32431e-62 1.60534e-61 0 0 0 0
2.20673e+15 1.15161e-135 3.1797e-74 1.65108e-66 1.65108e-66 1.65108e-66 1.13588e-64 1.17241e-66 6.75866e-66 0 0 0 0
2.5483e+15 9.89696e-139 1.21584e-77 8.9684e-71 8.9684e-71 8.9684e-71 5.43348e-69 5.42833e-71 1.87115e-70 0 0 0 0
2.94273e+15 7.21834e-143 8.53464e-83 1.10938e-76 1.10938e-76 1.10938e-76 5.91793e-75 2.20537e-77 5.23127e-76 0 0 0 0
3.39821e+15 8.06828e-146 2.5168e-87 6.99068e-82 6.99068e-82 6.99068e-82 3.28516e-80 5.35896e-82 1.07212e-81 0 0 0 0
3.92419e+15 1.02384e-149 2.93814e-93 2.07172e-88 2.07172e-88 2.07172e-88 8.57636e-87 8.58517e-89 2.68605e-88 0 0 0 0
4.53158e+15 1.09296e-155 1.26964e-101 2.65043e-97 2.65043e-97 2.65043e-97 9.66797e-96 2.9868e-98 1.40949e-96 0 0 0 0
5.23299e+15 2.75434e-161 7.07414e-110 5.01502e-106 5.01502e-106 5.01502e-106 1.61233e-104 1.40951e-106 5.35082e-106 0 0 0 0
6.04296e+15 0 0 0 0 0 0 0 0 0 0 0 0
6.97831e+15 0 0 0 0 0 0 0 0 0 0 0 0
8.05842e+15 0 0 0 0 0 0 0 0 0 0 0 0
9.30572e+15 0 0 0 0 0 0 0 0 0 0 0 0
1.07461e+16 0 0 0 0 0 0 0 0 0 0 0 0
1.24094e+16 0 0 0 0 0 0 0 0 0 0 0 0
1.43301e+16 0 0 0 0 0 0 0 0 0 0 0 0
1.65482e+16 0 0 0 0 0 0 0 0 0 0 0 0
1.91095e+16 0 0 0 0 0 0 0 0 0 0 0 0
2.20673e+16 0 0 0 0 0 0 0 0 0 0 0 0
2.5483e+16 0 0 0 0 0 0 0 0 0 0 0 0
2.94273e+16 0 0 0 0 0 0 0 0 0 0 0 0
3.39821e+16 0 0 0 0 0 0 0 0 0 0 0 0
3.92419e+16 0 0 0 0 0 0 0 0 0 0 0 0
4.53158e+16 0 0 0 0 0 0 0 0 0 0 0 0
5.23299e+16 0 0 0 0 0 0 0 0 0 0 0 0
6.04296e+16 0 0 0 0 0 0 0 0 0 0 0 0
6.97831e+16 0 0 0 0 0 0 0 0 0 0 0 0
8.05842e+16 0 0 0 0 0 0 0 0 0 0 0 0
9.30572e+16 0 0 0 0 0 0 0 0 0 0 0 0


